[
    [
        0.07428040714949699,
        0.014748646631877664,
        0.06718493902452276,
        0.008571038521875496,
        0.0009526243242119329,
        0.016520838168813105,
        0.03242967928468667,
        0.02598398723356307,
        0.008545665032725037,
        0.004066200233981535,
        0.027791717079151002,
        0.007052298829535479,
        0.059842601492315406,
        0.14285305058355857,
        0.011968125940758162,
        0.003546842698557382,
        0.13358491524332233,
        0.33739371404370627,
        0.010616109597224284,
        0.012066598886116844
    ],
    [
        0.006012915286218243,
        0.0012474767378843723,
        0.07660352141929157,
        0.005897891898289464,
        0.00029040203708293946,
        0.002071603713034958,
        0.02263684328431505,
        0.006103753555141368,
        0.0036720051486734667,
        0.0004429980970147032,
        0.008562079474461927,
        0.0008871015099857421,
        0.02043729619030084,
        0.2995512940394011,
        0.0014728955139021165,
        0.0012137067369888755,
        0.38614018499522135,
        0.15172210439877462,
        0.003403175112315498,
        0.0016307508517017302
    ],
    [
        0.02286505701185457,
        0.09504220193578937,
        0.01266777053261307,
        0.02562232130622125,
        0.0019177251234931577,
        0.0597165381202231,
        0.006094005489784776,
        0.22659245159555919,
        0.013729894617755012,
        0.003505960712707194,
        0.221548299154235,
        0.020580403102188966,
        0.12339716654864526,
        0.03081049773762352,
        0.004541658236818867,
        0.014338256884968013,
        0.02705477651057341,
        0.0422337093693931,
        0.04094898022237237,
        0.006792325787180786
    ],
    [
        0.012391678566135055,
        0.003262918017242325,
        0.06457714004519365,
        0.01867334878039671,
        0.00046023276032688374,
        0.008004145462361629,
        0.007190527681310597,
        0.027932893738626376,
        0.011758092720590542,
        0.0006741793380956893,
        0.04240540324293654,
        0.0010942007458538295,
        0.07760114327351283,
        0.4100941082218143,
        0.001722059101503739,
        0.0022479350102685876,
        0.1781447957171418,
        0.11240475938492103,
        0.018156143868071548,
        0.0012042943236964152
    ],
    [
        0.003908261751358725,
        0.01319332647483391,
        0.003855715167947264,
        0.017992188216571187,
        0.000624146929782372,
        0.024995205107967947,
        0.0012021471931925544,
        0.5877866255554812,
        0.016599218227667585,
        0.000592868572122181,
        0.1969332467916974,
        0.004075598011335336,
        0.07774584620266745,
        0.008198386101113028,
        0.0007816114967788348,
        0.002791881251509205,
        0.005274707820968999,
        0.008810188002208397,
        0.02336469019378995,
        0.0012741409310063946
    ],
    [
        0.07748012251244037,
        0.012392802167039153,
        0.021820785856562334,
        0.004416983859949224,
        0.006186606720159213,
        0.012845282918290872,
        0.03610253498075539,
        0.006302124015385154,
        0.004987812072059945,
        0.24420826813912244,
        0.006429603688282264,
        0.003291869405217021,
        0.008234019787894708,
        0.018339943218955202,
        0.47723409267273187,
        0.00542485742195256,
        0.021948749977615093,
        0.01790113783430886,
        0.008222321925679347,
        0.006230080825599034
    ],
    [
        0.008525129055739164,
        0.00792635876057609,
        0.007115403094459885,
        0.06391026693931857,
        0.0012157898777434219,
        0.046632178673807145,
        0.001985064257431498,
        0.027181942604588793,
        0.06970648206958624,
        0.001284991971230042,
        0.054649632390252986,
        0.0011308952286399382,
        0.03225475624018109,
        0.012783553992544135,
        0.0015469846145778874,
        0.0038426224130604235,
        0.007124766183471246,
        0.009676644531799065,
        0.6407443324861652,
        0.0007622046148272214
    ],
    [
        0.09173006752828917,
        0.010717874051480893,
        0.05050308308815985,
        0.006467911919004417,
        0.0014732998395770246,
        0.009977942327858511,
        0.11770162484852015,
        0.013819153892014484,
        0.005163989627910816,
        0.005717895790510589,
        0.01564403345014157,
        0.0064567118969641015,
        0.0372524089847606,
        0.10987047759600761,
        0.022779274425314744,
        0.005699017811812876,
        0.16446115347686682,
        0.2986426928764702,
        0.007392767524332557,
        0.018528619044002898
    ],
    [
        0.056364888132718026,
        0.028663117920355585,
        0.11449244603886641,
        0.010368520594310838,
        0.01263995594281127,
        0.02469162074865263,
        0.11721213965062498,
        0.02790617307631398,
        0.016747406489566248,
        0.03843593062286665,
        0.01824220133270321,
        0.039506347532731495,
        0.0234642456175437,
        0.05410354565270652,
        0.13786660030463113,
        0.007136132334835647,
        0.07496800639564559,
        0.05019835405427591,
        0.012886743357482099,
        0.13410562420035807
    ],
    [
        0.4465825682578255,
        0.017704242589347635,
        0.05962030262776513,
        0.0034818714477283332,
        0.0008773056180085885,
        0.017285120558882365,
        0.029559839446954554,
        0.012510482865648868,
        0.0037510697905236987,
        0.007986591852234768,
        0.011203598158496522,
        0.002969252431255474,
        0.016939245581594722,
        0.07845446036073903,
        0.037667026145593606,
        0.002043531045491482,
        0.14212179477443881,
        0.09719846614129715,
        0.0071755495786184785,
        0.004867680727555162
    ],
    [
        0.010119367120491688,
        0.012140667411107881,
        0.004686785129605547,
        0.008989348463703672,
        0.005054105860491549,
        0.010685999389394518,
        0.0040343739498177,
        0.011031630752242665,
        0.004602526604921494,
        0.004079875395666888,
        0.012441466119462927,
        0.0037031073964905966,
        0.01223300290592965,
        0.008074973656557662,
        0.004025857759317788,
        0.850573174971492,
        0.008075606482808594,
        0.008446129354014575,
        0.014309484357128765,
        0.0026925169193538355
    ],
    [
        0.004782650961499928,
        0.004291139673622937,
        0.00256097290146162,
        0.02622280523766941,
        0.0004113995719825203,
        0.02042390662495444,
        0.0009072796185117586,
        0.007746159307608025,
        0.010538517019454496,
        0.0007731862428169414,
        0.02303885736581519,
        0.00046047572212709517,
        0.010767311301707806,
        0.005105856342064702,
        0.0008180101046100627,
        0.0021630236336686822,
        0.0031930333781638913,
        0.0042889866259919925,
        0.8711870029340544,
        0.0003194254322141682
    ],
    [
        0.019651018695597416,
        0.01280341597041839,
        0.0035106782290228373,
        0.0012247209399609755,
        0.0019093366463629703,
        0.0073073495057602,
        0.0038156850466181404,
        0.0026376514259623092,
        0.0014960689886810857,
        0.8785724335160553,
        0.002386569496528454,
        0.002109076167404868,
        0.002760407575893706,
        0.003591376312134478,
        0.04146642406698194,
        0.0015127270044199902,
        0.0038328085595139985,
        0.004213657946702473,
        0.002605025223023735,
        0.0025935686829567377
    ],
    [
        0.1086037826513871,
        0.042109419957929085,
        0.0932690809034246,
        0.012817578485226315,
        0.00516429104351245,
        0.033088382071422284,
        0.07997209780195037,
        0.03164300998004251,
        0.013630453888579018,
        0.044189371202905225,
        0.02554176394471146,
        0.019560475681458005,
        0.02836448307673656,
        0.07395137537124805,
        0.13117273233954113,
        0.012220825138984877,
        0.12048830563228755,
        0.06896985976906699,
        0.02008199087392833,
        0.03516072018565819
    ],
    [
        0.003208115673454479,
        0.0021039899824633335,
        0.004336306517197965,
        0.0007797259399921531,
        0.0009177439512767345,
        0.001341544403617348,
        0.008627577192806808,
        0.0026059094508632794,
        0.0008760983110856776,
        0.0011664690682711193,
        0.0016690744613650213,
        0.014985349348509428,
        0.002799192474549494,
        0.00417870353946188,
        0.0034165453987186705,
        0.000963466047034256,
        0.005976081125506438,
        0.005674271568782545,
        0.0007700252669894408,
        0.933603810278054
    ],
    [
        0.03068183834177722,
        0.0030860178293375456,
        0.04446866434042333,
        0.0016673022121748184,
        0.0003638740866903492,
        0.0031464316863889156,
        0.044786065830609664,
        0.005657010980224155,
        0.0015114760401507955,
        0.0011433944443091067,
        0.0050457897847658575,
        0.0016076595036063196,
        0.01171829762128043,
        0.10389241632262282,
        0.005671503047027063,
        0.0010588509472131938,
        0.5075991172477105,
        0.220818832506467,
        0.0020933350995740374,
        0.003982122127646945
    ],
    [
        0.2783775971914243,
        0.012837809829130966,
        0.1699181627618115,
        0.004612646678758631,
        0.0013395537052276554,
        0.019040476192581056,
        0.06259192399913828,
        0.011521995904039748,
        0.0068990170003780035,
        0.011699176934665384,
        0.011049136615564541,
        0.003013725413611704,
        0.01729086852832432,
        0.09570664882059815,
        0.07241482812053564,
        0.0016443553104991077,
        0.11072212942975816,
        0.09513932935123873,
        0.008505660046403298,
        0.005674958166310949
    ],
    [
        0.08078071642618521,
        0.014341408783721327,
        0.09125099295211653,
        0.009793407252245334,
        0.002331432779856017,
        0.01810191420069275,
        0.0858565376504181,
        0.021888822501837307,
        0.012515387997152273,
        0.006822085728922801,
        0.023706856287265935,
        0.008917103914822958,
        0.05840819139604941,
        0.12684583424872256,
        0.022635461718214563,
        0.00325382086891514,
        0.10014656173780757,
        0.28197033916646064,
        0.01081954759455158,
        0.019613576794042
    ],
    [
        0.032543345238214144,
        0.12012230934765974,
        0.008654553571470228,
        0.008069400179947344,
        0.0009219055047881547,
        0.5859734514640532,
        0.0027938225416726074,
        0.04533083990522977,
        0.012953152675589004,
        0.003643845668837217,
        0.05150040634880371,
        0.0032615598766442644,
        0.03900640447088792,
        0.015579748281945872,
        0.003758158830890956,
        0.0015197924387088185,
        0.00975145559883472,
        0.019935470856143053,
        0.03293681192178515,
        0.0017435652778940744
    ],
    [
        0.0007739500254746936,
        0.001027462506613178,
        0.0007474986806629136,
        0.016829230918226325,
        5.111300642302578e-05,
        0.003322411161893794,
        0.00020981541753783124,
        0.013756115511781748,
        0.0029496608818023093,
        8.05449275001481e-05,
        0.9064923812961494,
        0.00019060573908703812,
        0.02228796105501007,
        0.0023137032309228553,
        0.00011549873469598905,
        0.0003500556240091747,
        0.0012693856267410144,
        0.0022999370601236246,
        0.024828588113890892,
        0.00010408048145408089
    ],
    [
        0.014505190042057026,
        0.002142375467335676,
        0.0357065207521834,
        0.001990209423140058,
        0.0021088872297496163,
        0.0024498737174948847,
        0.8102547258543542,
        0.003117452469312103,
        0.002243101107599455,
        0.002990353022610731,
        0.002817318094626043,
        0.0019079658499651204,
        0.005483611248622373,
        0.0221674400557074,
        0.020384266635110684,
        0.0020519932381349954,
        0.035430571907413076,
        0.021385570319438205,
        0.0020549052180829953,
        0.008807668347061839
    ],
    [
        0.016887181580221556,
        0.022530826071909472,
        0.04049187626777609,
        0.023537723042119783,
        0.0037408951379982697,
        0.033309912806066995,
        0.01140497889261484,
        0.2743235917182056,
        0.06491491008569335,
        0.0026526792215474044,
        0.08313231646316904,
        0.04779720039745816,
        0.17559538655579596,
        0.053816724672952954,
        0.0048880929911099425,
        0.004678012663492553,
        0.03379705851337083,
        0.06284418026589407,
        0.018640308501488234,
        0.02101614415111493
    ],
    [
        0.021113782176991253,
        0.0035963974220747036,
        0.03164829474075275,
        0.006480686628226385,
        0.0006382153079566369,
        0.005649341996974453,
        0.020201939325555765,
        0.011328904256445125,
        0.004660497048791701,
        0.0010344487263840695,
        0.017306877092847003,
        0.0016753087272478157,
        0.0669214296483532,
        0.17361059202573453,
        0.0030657113752069597,
        0.001815875992969829,
        0.10738453985736603,
        0.5132784412301719,
        0.00602975226229242,
        0.002558964157657539
    ],
    [
        0.0010560266270807951,
        0.0009610625897593506,
        0.0013405991997114109,
        0.8741719961210129,
        0.00013687454952918343,
        0.00290844461813723,
        0.0004598174771883731,
        0.005112228418031708,
        0.011635585564616658,
        0.00017248950402792192,
        0.029646902966362618,
        0.0002779091410054799,
        0.009805426543180857,
        0.0029766631171964947,
        0.00023466708396114328,
        0.000862873714325133,
        0.0017310878636817,
        0.002552585342226699,
        0.05377188261249115,
        0.00018487694647303886
    ],
    [
        0.05907963509466965,
        0.014015851621557301,
        0.006212238075898836,
        0.0019669008181834864,
        0.002006736872432241,
        0.012231048628037812,
        0.006404178144196179,
        0.003509663685022373,
        0.0023136184688074875,
        0.7707122696324855,
        0.0036827843177758774,
        0.0016326413014236434,
        0.004373558647381744,
        0.0066979015617866415,
        0.08185736777508254,
        0.001931876586118888,
        0.006810961531921232,
        0.007594457999947765,
        0.00484088481607124,
        0.0021254244211996267
    ],
    [
        0.6628483509256576,
        0.03847703335157745,
        0.01398878311064684,
        0.004387294984357879,
        0.0015593047898979843,
        0.03282566349603968,
        0.011276038040134832,
        0.009504529818141861,
        0.0040419314678838214,
        0.046690613615341915,
        0.011150744089715914,
        0.0025816532657470764,
        0.014309624207261961,
        0.02261424427737847,
        0.04992658090452444,
        0.004928439322923925,
        0.02339781909661154,
        0.029318440048548437,
        0.013031570317805849,
        0.003141340869802605
    ],
    [
        0.03655892234650178,
        0.04544372730357232,
        0.03883367194406466,
        0.0576144108151692,
        0.14563556843187953,
        0.06153995915136077,
        0.024125071633412095,
        0.07192163858613594,
        0.06412457175537561,
        0.018756843933566643,
        0.05855755787918651,
        0.024835296352453604,
        0.055948401349412875,
        0.04377607524313386,
        0.021017452020138307,
        0.06596486229802677,
        0.03968457822627094,
        0.037302621124069554,
        0.07105692586591125,
        0.01730184374035775
    ],
    [
        0.30451358381053234,
        0.014962446525399572,
        0.05745683829960969,
        0.007182118699139516,
        0.008335750664963159,
        0.01995280357599624,
        0.11142010590203293,
        0.011757192212445106,
        0.008458902794024795,
        0.031192881720515382,
        0.012457679673696091,
        0.004036140423055105,
        0.024430587796377693,
        0.06603718995315608,
        0.14903574831380542,
        0.006662593972678461,
        0.06485913232923378,
        0.0765075805499638,
        0.012435315623275905,
        0.008305407160098843
    ],
    [
        0.01291621595160776,
        0.03356071103458698,
        0.008186125762862777,
        0.024834735823220485,
        0.0005928480895700094,
        0.2612658900864561,
        0.0020546135527432685,
        0.10177892355689853,
        0.031348000446427715,
        0.0015437540740892725,
        0.2754512358055921,
        0.002355495904778809,
        0.0610983675511435,
        0.01663370761540364,
        0.0018358482143794668,
        0.0015776521732947478,
        0.009524436238940724,
        0.017242750998785458,
        0.13503298779314357,
        0.0011656993260750754
    ],
    [
        0.008454877612322073,
        0.0061003019287545705,
        0.02218207008497826,
        0.11536229684244872,
        0.0006926106490059872,
        0.015148917461041493,
        0.005388770025665751,
        0.06542266544917667,
        0.08392473770574221,
        0.0009668225081127748,
        0.2354393466065231,
        0.003484367148632476,
        0.26030421625079564,
        0.054144386591620956,
        0.001762027647839376,
        0.0021063007734287097,
        0.024351319819446136,
        0.06014906802590569,
        0.03206198234984798,
        0.0025529145187113637
    ],
    [
        0.08154924450994869,
        0.011655216007858316,
        0.15341179243286618,
        0.015115846831054826,
        0.002571126362119919,
        0.01601032658992565,
        0.14606509275552518,
        0.015919424123132877,
        0.012847714800537686,
        0.01373956630602108,
        0.01903525997538197,
        0.004886238082239386,
        0.02412159426302111,
        0.116198807453265,
        0.05445876944568982,
        0.009339285690537885,
        0.18972763734216416,
        0.08400846267426769,
        0.01925264924287604,
        0.010085945111566632
    ],
    [
        0.00031875650572610526,
        0.00026925586885298217,
        0.0005290976983501268,
        0.9657003634624962,
        4.43769875199604e-05,
        0.0007302291823891393,
        0.00017399672163561145,
        0.0019365491077997798,
        0.004221610267949821,
        4.969659016620905e-05,
        0.010413304176064958,
        0.00010283336747520182,
        0.00403086983629684,
        0.0012075993930912268,
        7.423763763710086e-05,
        0.00029321963793271484,
        0.0006953321770664187,
        0.001001890326028562,
        0.008136259372607492,
        7.052168291400242e-05
    ],
    [
        0.0012113813974797107,
        0.0009374236348905657,
        0.0018823819322415184,
        0.9023190505765102,
        0.00018159895964691076,
        0.0025332377001378308,
        0.0006717456730265403,
        0.004830701422603713,
        0.013374755305833303,
        0.00020916790429673476,
        0.02009122239492879,
        0.00033867284942816766,
        0.009488267205361223,
        0.00390350618520229,
        0.0003025154493611543,
        0.001186327233659276,
        0.0023562548725199277,
        0.003162041147102043,
        0.03077155591019271,
        0.0002481922455774657
    ],
    [
        0.07952040101265334,
        0.005085855889851625,
        0.03109952278079554,
        0.002778684155852256,
        0.0002892628995103261,
        0.007736446943474389,
        0.010113580851321493,
        0.008887855585183502,
        0.002618986398119647,
        0.0011862867192170266,
        0.01149730895730015,
        0.0011136958759627848,
        0.02936400095610877,
        0.14469398571667733,
        0.003811507498865567,
        0.0008660154429094552,
        0.1101082101901585,
        0.543001182521419,
        0.004638806366771492,
        0.0015884032378476775
    ],
    [
        0.0025535080349794923,
        0.007182877570412212,
        0.002515103812179609,
        0.0016037709075863423,
        0.001188914181654535,
        0.003320726475236067,
        0.00194030279249605,
        0.008571041383429602,
        0.0017715863630426818,
        0.0011549994959606008,
        0.004197925475606283,
        0.9223144939950546,
        0.0047004314606881705,
        0.0030762800826077195,
        0.0015710146229128987,
        0.0018685631327880398,
        0.0033464145311033235,
        0.003843283289612908,
        0.0016779526483924,
        0.0216008097442561
    ],
    [
        0.03419241069634273,
        0.019564222025039775,
        0.05190092706087024,
        0.0038955910927152737,
        0.006034970783781341,
        0.013061375214900185,
        0.04958929205224406,
        0.019295100467125185,
        0.006629744103758662,
        0.011659780776180882,
        0.00953444158662062,
        0.05559683833481295,
        0.01597460221899598,
        0.03092475229085069,
        0.044998037111269255,
        0.0032650489483248327,
        0.04134645556889922,
        0.035983757456679206,
        0.004970233837936877,
        0.5415824183726521
    ],
    [
        0.025291651817043584,
        0.00211951946537058,
        0.053644071056387035,
        0.003314028100818449,
        0.0006027382267818655,
        0.002865334922157644,
        0.3126093652374073,
        0.004172187585204546,
        0.002478522492264622,
        0.0014246667864758833,
        0.005483194006656682,
        0.0011868307418623153,
        0.01381606965022154,
        0.1262669735822602,
        0.006841235328612661,
        0.0018835545801885421,
        0.22964308168640443,
        0.1999964869707008,
        0.00316573033404323,
        0.003194757429137957
    ],
    [
        0.0019367047067029223,
        0.002793487080177358,
        0.002582181466750572,
        0.03188818046806043,
        0.00013740331960783572,
        0.014415981630147266,
        0.0005394000407000513,
        0.0535599718050925,
        0.03241613741671478,
        0.00021809226458148758,
        0.747547824172275,
        0.0005416289942140282,
        0.04515096188117305,
        0.006031105351269171,
        0.00031312945575622214,
        0.0004435593368523356,
        0.0028997417876585143,
        0.0054975516648967165,
        0.050802630002591415,
        0.00028432715477814735
    ],
    [
        0.7545422456443742,
        0.0065482273859088155,
        0.017098673432633757,
        0.0016865555997842045,
        0.0007987971873205375,
        0.007049960278478569,
        0.019706583881410552,
        0.0036001431318780277,
        0.0016369758323319776,
        0.011617543162597535,
        0.003750363269989193,
        0.0009840375077790591,
        0.005817246188666432,
        0.022227224245088432,
        0.07770335874113199,
        0.0018664892625766592,
        0.034004871032737416,
        0.02375075511333657,
        0.0038404288161236542,
        0.0017695202858523788
    ],
    [
        0.04388276116680215,
        0.0408338765239459,
        0.03073567414087881,
        0.01911113964086262,
        0.03055257594266344,
        0.024883999299769363,
        0.04705543952042332,
        0.04114546369570236,
        0.014059495043347494,
        0.021320394413054874,
        0.032643042899244364,
        0.07803437198731489,
        0.04538776680638758,
        0.042898037089504105,
        0.03323647197406036,
        0.2216675481385626,
        0.05419560353843714,
        0.05216114812519029,
        0.020119930950398945,
        0.10607525910344943
    ],
    [
        0.0038744941385260557,
        0.012195620191052935,
        0.004986327237562362,
        0.017545389766064127,
        0.0007782515064154881,
        0.03132481895041101,
        0.0013133742436800334,
        0.6502644048557678,
        0.043631917007498654,
        0.000649286925605664,
        0.12018071151640826,
        0.004682146644748705,
        0.0607688896787532,
        0.008563970589403405,
        0.000864783480292585,
        0.001746496539439894,
        0.005159727855407035,
        0.008491327247183841,
        0.02153377094311276,
        0.0014442906826662198
    ],
    [
        0.0008510936604420246,
        0.0007292799640322641,
        0.001359295253163927,
        0.00024196506273976926,
        0.00033539155549866127,
        0.0004670693090336431,
        0.0017313848365157645,
        0.0009314378733321797,
        0.00032588266911474093,
        0.00037203067625991203,
        0.0005105821414660526,
        0.009543278845078882,
        0.0007863233604674755,
        0.0010986461491237997,
        0.0009561572121051792,
        0.00026509490730496375,
        0.0014510948614043341,
        0.0013215528059850685,
        0.00024582815648548404,
        0.9764766107004458
    ],
    [
        0.011656388157624263,
        0.026230019340383368,
        0.01916413327723593,
        0.036147936681352244,
        0.002259520579874048,
        0.07583253984144331,
        0.004410288538572166,
        0.24264594649852667,
        0.27765032360597564,
        0.0023873097502051127,
        0.10267265143525177,
        0.012261069540805842,
        0.07352416257730192,
        0.023091686450337188,
        0.003161774017647898,
        0.003307731988032725,
        0.013854890258681817,
        0.02135661844478491,
        0.04358245270935213,
        0.0048025563066110884
    ],
    [
        0.0009562145651397465,
        0.9836753397174143,
        0.00019568952681461434,
        0.0001585960357704903,
        5.965496308122268e-05,
        0.009628196822804838,
        8.824812956255207e-05,
        0.0012808885456180958,
        0.0001936111146120311,
        0.0002863723818866185,
        0.0007680415053850925,
        0.00023149597389387447,
        0.0005584291064836648,
        0.00030407362227937216,
        0.00019107392863956045,
        0.00011090870786177861,
        0.00026587211355071566,
        0.00035730882439675304,
        0.000600737415849391,
        8.924699895478831e-05
    ],
    [
        0.0174594764066438,
        0.0023543080530503725,
        0.23288055188135048,
        0.0014659506414692227,
        0.00037413770160535164,
        0.003012358842669568,
        0.030594051235656353,
        0.006895093833321459,
        0.00201768423211245,
        0.0007703693479401547,
        0.004292819340109708,
        0.0015193121209980817,
        0.01125865446715177,
        0.14924489488872913,
        0.003761480290320763,
        0.000684180361289104,
        0.39178246162579455,
        0.13402238335708044,
        0.001777950443552881,
        0.0038318809291543283
    ],
    [
        0.00712620262233272,
        0.0013958480484466047,
        0.2654909273401817,
        0.004246750844729468,
        0.00041501649470615537,
        0.0025514489891246893,
        0.02458710309688512,
        0.007532106423877515,
        0.005664716680262512,
        0.00048744274389245787,
        0.007261280838776128,
        0.0011051814155106855,
        0.025256467284944635,
        0.32475647804042596,
        0.0017144100665921216,
        0.0008819417613419742,
        0.14985726404092128,
        0.16448861151928548,
        0.002925381200575382,
        0.002255420547187478
    ],
    [
        0.006715928029734154,
        0.005046895709235139,
        0.01761882522659875,
        0.053756824405267245,
        0.0018485988251547819,
        0.01641380307768578,
        0.0039631245937940185,
        0.03841644972250679,
        0.6672758454587111,
        0.0010862855596184382,
        0.04081093554994145,
        0.0025396000169924412,
        0.05599814645779115,
        0.022707636541603557,
        0.0017771055266408103,
        0.0025998679009764758,
        0.011190305057910493,
        0.017231694546505534,
        0.031074233452140682,
        0.00192789434119118
    ],
    [
        0.057401090410534386,
        0.06517955942210794,
        0.012972871350496035,
        0.003978181911804332,
        0.006632996593778827,
        0.02852974855960921,
        0.011939085991069688,
        0.011534171108915537,
        0.005463958197557346,
        0.5927198071037378,
        0.008669913227919612,
        0.01229852189344728,
        0.01002860169028878,
        0.012496688502065997,
        0.1053009151735531,
        0.005035414037276343,
        0.013447817164463192,
        0.014521310932143509,
        0.008266736894060265,
        0.013582609835170768
    ],
    [
        0.005227364072214795,
        0.004253843810114815,
        0.006493692337480706,
        0.0014568166463020007,
        0.002814195439119308,
        0.002723844297085166,
        0.009577256123795402,
        0.005167600738089306,
        0.0018468488127307116,
        0.002215184553514305,
        0.0030111799402749166,
        0.04073090220880678,
        0.005095276746224628,
        0.006138165597928343,
        0.005271125585929251,
        0.0020707683187818795,
        0.007574886735628059,
        0.00788961768405904,
        0.001474679922348203,
        0.8789667504295724
    ],
    [
        0.038033458248788524,
        0.01939327040349971,
        0.05317324265628515,
        0.008584437762504794,
        0.010642675512027999,
        0.015723682503686606,
        0.08175893875189548,
        0.028063285871472773,
        0.011737059658887794,
        0.010102514630581354,
        0.018367749656994815,
        0.061300260774759335,
        0.037910559819969894,
        0.052241314089991074,
        0.029389763747661054,
        0.007683487563858069,
        0.057264463303989474,
        0.07441425229122346,
        0.008595467500989096,
        0.37562011525093364
    ],
    [
        0.00850298505054034,
        0.03919536650497444,
        0.006282406100936473,
        0.010679745135722044,
        0.0007467740561561077,
        0.03419702396734829,
        0.0022636492340974666,
        0.5384092135409757,
        0.008695436809823492,
        0.0010914584644207035,
        0.16745133236677526,
        0.010505708680007506,
        0.10179066413897223,
        0.014957683463752654,
        0.0015392925654978743,
        0.0032350157887427963,
        0.011207867450271462,
        0.020193524941171,
        0.016190712627905345,
        0.002864139111908822
    ],
    [
        0.028641226682511487,
        0.037043855422405014,
        0.005910751892237028,
        0.0017601499193060299,
        0.0033922873542755402,
        0.014234837902302955,
        0.005382488245520443,
        0.0053038171856503395,
        0.0022557718394561554,
        0.7890107367931788,
        0.003938780418850557,
        0.004718298772251102,
        0.004205705672845549,
        0.005685299580218791,
        0.06456311394129428,
        0.002300791329727649,
        0.006617134751215629,
        0.006234576912339658,
        0.003982745580799791,
        0.00481762980361326
    ],
    [
        0.004985080726960823,
        0.0005387570339857258,
        0.01345146324790682,
        0.00041401370723878844,
        0.00016552245051604963,
        0.0005609254102922882,
        0.9102646979656998,
        0.0008030344862829639,
        0.00039145322601271716,
        0.0005130617220552034,
        0.0007576728609762533,
        0.0004139914259942887,
        0.001455025830780538,
        0.01041284318375296,
        0.004114720196612085,
        0.00035053270203049995,
        0.036462711494263,
        0.011659831056509268,
        0.0004516764225551813,
        0.0018329848495747356
    ],
    [
        0.006998681752019787,
        0.006274965772093611,
        0.004130447227525725,
        0.07623255063232445,
        0.0005405777686119866,
        0.02023009098113391,
        0.0016132835515217617,
        0.015002904224077619,
        0.011975299995619554,
        0.0009970186570419223,
        0.067771195696018,
        0.0008363642657502267,
        0.025042383112432978,
        0.010095882774477033,
        0.0011803454857573239,
        0.005185595976244075,
        0.006599964153419284,
        0.00898979809678174,
        0.729731688637144,
        0.0005709612400050479
    ],
    [
        0.005459642241473091,
        0.003064076960037441,
        0.006342090909527773,
        0.11453340593373,
        0.00029777304597631887,
        0.00788150876703607,
        0.0020448358879826436,
        0.026459712585807593,
        0.01128727171764621,
        0.0004285021189779474,
        0.3571160725699492,
        0.0008581425261660242,
        0.3324966320200455,
        0.031094329704033148,
        0.0007474415135006214,
        0.0026820348421165464,
        0.014298633413132774,
        0.03389023704104185,
        0.04835890475984514,
        0.0006587514419740223
    ],
    [
        0.046318527486817515,
        0.36460521184302186,
        0.023484356441020895,
        0.009998498701372854,
        0.010081659898962153,
        0.15771689679784212,
        0.010700683637439944,
        0.06330138169072788,
        0.022230850479327827,
        0.03533933076997041,
        0.03018281018179504,
        0.057839982417974466,
        0.029158359225087877,
        0.022362429882605984,
        0.025456435927479336,
        0.00496712892382592,
        0.019669023731155384,
        0.024840417836982452,
        0.021227212649845117,
        0.020518801476744966
    ],
    [
        0.0019113515134999563,
        0.002038275932303376,
        0.0028251504979903736,
        0.600475353964988,
        0.0002591820339935443,
        0.007483786621530736,
        0.0007443337728611146,
        0.023631616097881,
        0.043343793300034246,
        0.0002648738501971658,
        0.13618449273202368,
        0.0005541499915434533,
        0.031754277640256005,
        0.006441400872634154,
        0.00037898541550584363,
        0.0013747697051526642,
        0.003455890024911271,
        0.00502288369225179,
        0.13152188755579655,
        0.00033354478464493357
    ],
    [
        0.04272741768546125,
        0.012544105720356824,
        0.05205905001164283,
        0.09941527643067992,
        0.005434521651777968,
        0.01952310186507131,
        0.05614947377506217,
        0.028713650233570514,
        0.02857799094867447,
        0.007044910045622951,
        0.05577047635439143,
        0.006449249397210032,
        0.08218212823536805,
        0.11175588201645346,
        0.014209594803770832,
        0.1044332401989302,
        0.10167656540601781,
        0.10617273275304805,
        0.05599992792366909,
        0.00916070454322086
    ],
    [
        0.15405735459330724,
        0.011030376643582494,
        0.025896302988037304,
        0.002692130828612973,
        0.0033047414477505154,
        0.008537511087803287,
        0.10606205044234117,
        0.00616114694302408,
        0.0028239942681581184,
        0.033792018751416075,
        0.005649685414854201,
        0.004014393014693452,
        0.009820325409682987,
        0.0275565601682026,
        0.49854907423144673,
        0.0035665974171031393,
        0.04250263082029286,
        0.03776904164708736,
        0.004333690470568982,
        0.011880373412034346
    ],
    [
        0.015628576871039215,
        0.00932342939320577,
        0.0029434641826073197,
        0.0008560391113491693,
        0.0012225048297606624,
        0.006385940576039536,
        0.0026120412571923406,
        0.0019293672637719144,
        0.0011826535209193347,
        0.9046541580152617,
        0.0016873622246017183,
        0.00122262421807657,
        0.0018630841365321468,
        0.0026885890236133026,
        0.035847940888178546,
        0.0007694448212179866,
        0.0028330921538145854,
        0.0029185645785430527,
        0.0019868172112743688,
        0.001444305723000494
    ],
    [
        0.004622331265792112,
        0.0024789568663669058,
        0.005620804384821953,
        0.7238220404316563,
        0.0005385991663937092,
        0.007223126586792555,
        0.002225718561898049,
        0.009700504528428093,
        0.026310384166692697,
        0.0006574296235685482,
        0.04309521979537354,
        0.0007357308396830441,
        0.032021229213789276,
        0.013638416341850762,
        0.0009757453566513936,
        0.003744472537214809,
        0.007446261624227703,
        0.011558246189321376,
        0.10296318376847889,
        0.0006215987509980303
    ],
    [
        0.009112250348018323,
        0.014443106683181443,
        0.008689293414019077,
        0.0027660086976333976,
        0.0021554925525600578,
        0.006360398143810678,
        0.008703976112761507,
        0.014017977768043668,
        0.003013560672655488,
        0.0037118848266276703,
        0.007343504463116384,
        0.4916125284619252,
        0.009857061577542077,
        0.009799630880236086,
        0.006839414581923906,
        0.003972861407259674,
        0.01278829245441413,
        0.013050112542679322,
        0.00307357005320904,
        0.3686890743583829
    ],
    [
        0.0042026290474763564,
        0.01582085344527423,
        0.004577503488499561,
        0.014012988190770653,
        0.0006801260963390405,
        0.029804657192671283,
        0.0012854225040470244,
        0.69799467640325,
        0.013996626012926732,
        0.0006704582112246747,
        0.12174658146332042,
        0.003748958333766959,
        0.039198828137528674,
        0.00867466969219353,
        0.0008989138360320651,
        0.002510890852800278,
        0.006275999583548639,
        0.007982030227785802,
        0.02469622441794544,
        0.0012209628625986595
    ],
    [
        0.02605698278903833,
        0.008109023557543069,
        0.09049967326723343,
        0.19111342532451872,
        0.0023955410817535043,
        0.018961494290704754,
        0.03357098244255599,
        0.026389970349345017,
        0.08164415707001571,
        0.003970462922305345,
        0.06057142709261812,
        0.0037599326943633057,
        0.06563726165067006,
        0.12899500425807575,
        0.008324923605724238,
        0.00788388847164108,
        0.08200818183234815,
        0.08563665825568324,
        0.06974429618370577,
        0.004726712860156314
    ],
    [
        0.043396503013280525,
        0.034741405548506334,
        0.009227945326839604,
        0.002422031203721013,
        0.0033786424762304646,
        0.014893565101151276,
        0.010088156121814842,
        0.006712451261299087,
        0.00304653565554566,
        0.6753784946230159,
        0.00529846525739248,
        0.0076870919135249485,
        0.006180879761372518,
        0.008800052285272749,
        0.12973600520908316,
        0.003059405004183972,
        0.010315705950284654,
        0.010491684891074698,
        0.0047947906511157466,
        0.010350188745290274
    ],
    [
        0.04943126786920079,
        0.016274509602843077,
        0.07328977825128337,
        0.006328875217143705,
        0.002488789388675135,
        0.012148992979531158,
        0.11541446134322407,
        0.025975245857862955,
        0.0065568213875473146,
        0.005839421170727905,
        0.01838812670633462,
