[
    [
        0.042815560582052575,
        0.017859778658685512,
        0.02036601131959051,
        0.0829917364113742,
        0.03420436058631849,
        0.021193100325977914,
        0.03385987412485352,
        0.08268682373290896,
        0.1323795042021961,
        0.04426792269882485,
        0.0903880236875248,
        0.07362212213220808,
        0.059591187335068255,
        0.028788124125520925,
        0.04615947273093106,
        0.13483925148305118,
        0.05398714586291306
    ],
    [
        0.009579209662653385,
        0.00023605368578246742,
        0.00033081870339091716,
        0.0020017500052878865,
        0.0008670493368049049,
        0.002610562968586641,
        0.0010231124930405507,
        0.009344863331184271,
        0.9592483986742427,
        0.0010415774563597502,
        0.003422301224196184,
        0.0029461510160042103,
        0.0017489533162954832,
        0.0009962964991453247,
        0.0022238908885361818,
        0.0003465355958151677,
        0.002032475142674011
    ],
    [
        0.0002170507612598094,
        0.00020925627020158474,
        0.0004979075386957541,
        0.004884234366289918,
        0.9861044353116896,
        0.00017605714992314635,
        0.0006967812725696727,
        0.0002070201427876252,
        0.000395907045757926,
        0.0009905598778839199,
        0.0008153070841217752,
        0.0008946464319555552,
        0.002554809291958577,
        0.0004889693258775181,
        0.0004544716241288571,
        0.00026819658606675205,
        0.0001443899188319702
    ],
    [
        0.0015871654038470114,
        0.0010049621322201871,
        0.0035225068537162833,
        0.0137718276333671,
        0.0061324154922709215,
        0.0009512149146377485,
        0.0038372326307394137,
        0.001808427120880095,
        0.002348439340783308,
        0.9325263541961686,
        0.004251245543110257,
        0.010266690676603962,
        0.007930154200216692,
        0.004520144104550601,
        0.0026221959585149856,
        0.0014964861254225911,
        0.0014225376729504154
    ],
    [
        0.0015884745136542102,
        0.008958965892038519,
        0.9144457034714628,
        0.006371275058997738,
        0.002529167902336573,
        0.0022270636831158057,
        0.014092350723329688,
        0.0014709590451652376,
        0.0015593110045611976,
        0.004244058174453228,
        0.0015574259865311422,
        0.014467580761872347,
        0.007064335473569141,
        0.009162071721007059,
        0.002914022392487193,
        0.006724940536733355,
        0.000622293658684956
    ],
    [
        0.00351884165620468,
        0.0029372327500616154,
        0.017578531743194854,
        0.10758428435173178,
        0.005776011472593562,
        0.002609513066736852,
        0.10730255952904348,
        0.0072722907149534695,
        0.007144754069922447,
        0.029180110224879693,
        0.0035031573508895095,
        0.5972010196341131,
        0.07095868969060791,
        0.019502194565206542,
        0.012391762227890771,
        0.003960438622552545,
        0.0015786083294172296
    ],
    [
        0.004456187965592323,
        0.002600757842270876,
        0.01243614204246471,
        0.3512004110088974,
        0.021670597466765727,
        0.0026542689140421887,
        0.07502524745135049,
        0.007939657676361022,
        0.008265616362051276,
        0.0751229587574414,
        0.006470844215722112,
        0.1498945577023917,
        0.23819425633664432,
        0.01846383653791369,
        0.020414755479703832,
        0.0024146973393039065,
        0.0027752069010828903
    ],
    [
        0.003712908144501696,
        0.008985623059493502,
        0.024907799571369814,
        0.0450670138082188,
        0.008114650886412557,
        0.004135935173244898,
        0.7488666988361846,
        0.008746005085447199,
        0.006376733979065413,
        0.009280288020360754,
        0.002707381422433931,
        0.04263221263064391,
        0.042695778517273145,
        0.011395195726687655,
        0.026573684687780992,
        0.004195629880750658,
        0.001606460570130408
    ],
    [
        0.3037490735554638,
        0.003524299708243536,
        0.006547438806442046,
        0.015243234378554038,
        0.01686490289486265,
        0.2162849429024067,
        0.008469448469740357,
        0.018000253070296197,
        0.1648262072865886,
        0.010836383102846807,
        0.13229477987626487,
        0.03355539620190753,
        0.018076502522834034,
        0.01900385711360812,
        0.012301896303258212,
        0.004339186525539113,
        0.016082197281143514
    ],
    [
        0.04588500472517813,
        0.0008882000841764962,
        0.0012949693073119703,
        0.005145808449392013,
        0.001535958066077884,
        0.008423668464843118,
        0.0036454393269621083,
        0.05158655667773981,
        0.8276794083521228,
        0.003050511136710485,
        0.009762680481839797,
        0.017308153339096317,
        0.004214150799202915,
        0.0025980661064235106,
        0.00986816204659427,
        0.0010925879504644794,
        0.006020674685863866
    ],
    [
        7.340940016405057e-07,
        1.5314046668906914e-07,
        1.2061686176085398e-06,
        1.4954323601211416e-06,
        5.846800357962927e-07,
        7.161770699510355e-07,
        1.1374318086832918e-06,
        4.0977129629208527e-07,
        6.625376014886935e-07,
        1.5583322420052065e-06,
        4.5923265540585977e-07,
        8.624800018554161e-06,
        4.861420298347909e-06,
        0.9999763997328521,
        3.4052485905127184e-07,
        4.1950757537240414e-07,
        2.370162410794225e-07
    ],
    [
        0.0005133701950504532,
        1.1583047692498165e-05,
        2.262551411218866e-05,
        1.851190219322727e-05,
        1.3197926624840168e-05,
        0.9990221369186244,
        2.1673648790478356e-05,
        3.2981472913058785e-05,
        0.00010913113432182399,
        1.4917395047187645e-05,
        4.136779385701846e-05,
        5.4482879837716326e-05,
        2.4248580583938648e-05,
        4.7777454916927127e-05,
        2.4846349572620724e-05,
        1.14417173685727e-05,
        1.5706068493051913e-05
    ],
    [
        0.010684477087533105,
        0.0007818075519871099,
        0.0030982773130974945,
        0.009509875633168874,
        0.002143961839432866,
        0.004713133515966258,
        0.006791103352019285,
        0.007422095367988129,
        0.013740726596617453,
        0.0049682258336097756,
        0.004919253148896621,
        0.8833627257494671,
        0.021917880905407867,
        0.017793616857050765,
        0.0040556061645974075,
        0.0014518506555881374,
        0.0026453824275717527
    ],
    [
        3.394980971924484e-06,
        1.7870145541397038e-07,
        2.725084707653788e-07,
        7.556334339590144e-07,
        3.69799398853107e-07,
        5.66212877639547e-07,
        4.616524448967623e-07,
        3.992599215814507e-06,
        3.06920227623146e-06,
        8.960416001166298e-07,
        3.2986278775905877e-06,
        1.6337186705503202e-06,
        8.018637603119763e-07,
        5.246899223043307e-07,
        1.1379017387529895e-06,
        2.823209247348203e-07,
        0.9999783635449601
    ],
    [
        0.0023168567106063983,
        0.0010146178107171742,
        0.0027134324874977553,
        0.06656342290964097,
        0.8111846759451946,
        0.0014706432448111275,
        0.005672649846348981,
        0.0023412008063119897,
        0.004937477472724175,
        0.01280257198115553,
        0.008982998557517727,
        0.012602656886854614,
        0.05459312618829559,
        0.005554996945253949,
        0.003917336088486389,
        0.001595091118191208,
        0.0017362450003918235
    ],
    [
        0.0006270172586284523,
        0.0004969680579302962,
        0.0011809218701184431,
        0.9303147052263108,
        0.015428091327385988,
        0.0003724367894140591,
        0.005513017811950693,
        0.001357705399242345,
        0.0019427023249687348,
        0.006369790816629763,
        0.0016630022880078186,
        0.007941149463381422,
        0.02104436240675213,
        0.0013546309203266945,
        0.0030551726832589803,
        0.0008396099231922024,
        0.0004987154325011597
    ],
    [
        0.12231791794101794,
        0.019659733574853927,
        0.02492918650606218,
        0.04248701651810679,
        0.024547547670509054,
        0.0678142420590731,
        0.03598860759421836,
        0.09315562657306226,
        0.1502891048033968,
        0.0323425561071533,
        0.07713976564197866,
        0.05705570673967914,
        0.050531827532512966,
        0.04658146956630313,
        0.05843140228727994,
        0.032116891510899456,
        0.06461139737389304
    ],
    [
        2.196208121493708e-05,
        9.703796676037008e-06,
        4.701431943003282e-05,
        0.0008738458115800567,
        0.00012978167454475695,
        1.4050963653318611e-05,
        0.0001769349450019414,
        3.105566956582659e-05,
        4.0116386930159944e-05,
        0.00011412519065048896,
        2.9849982820607946e-05,
        0.0006314260171753729,
        0.9975994751489746,
        0.00020169500861616277,
        4.514131303298406e-05,
        2.0308240629446306e-05,
        1.3513449503370348e-05
    ],
    [
        0.009102745008909542,
        0.004713977609325906,
        0.004629176411981739,
        0.03855025780903583,
        0.006694714095808725,
        0.004418023094332986,
        0.03890809355458362,
        0.06183424840218524,
        0.03898097360585713,
        0.00972977295216943,
        0.008571732714639868,
        0.026801916182468393,
        0.016306464060853544,
        0.003500213352938403,
        0.7203491521935218,
        0.0021950764078070882,
        0.004713462543580766
    ],
    [
        0.6786283343673211,
        0.0015812585111419505,
        0.0032180236954761116,
        0.005394266634620118,
        0.002741052101232595,
        0.11347799535684559,
        0.005076772552016007,
        0.022338200405966797,
        0.07967563104095093,
        0.00475318907376309,
        0.015930088836490438,
        0.027377525442096838,
        0.006913173078335734,
        0.010206501509352255,
        0.007579886233590984,
        0.001849379165158196,
        0.013258721995641145
    ],
    [
        0.002458907998362727,
        0.0016154560256697857,
        0.005324440753735874,
        0.06073635402727107,
        0.00648832538325405,
        0.0014006340599126057,
        0.02230779049337579,
        0.007082636551489183,
        0.004853092715928731,
        0.7979212721172416,
        0.0031215983154242255,
        0.03203051133352475,
        0.029599954986282203,
        0.011451580888725076,
        0.008090368470397454,
        0.0026839945331448515,
        0.0028330813462599212
    ],
    [
        0.005354756868420002,
        0.00027491466270414944,
        0.0003455588552073519,
        0.0012496475460787582,
        0.00030207622662444314,
        0.0012594191332669764,
        0.0014508856520541093,
        0.9466731444053536,
        0.02785957174284022,
        0.0008561692900478934,
        0.0010547082148092207,
        0.003644083873870901,
        0.001098373509012264,
        0.00065848609916354,
        0.004790810315667723,
        0.0003056189563129967,
        0.0028217746485656807
    ],
    [
        0.0016304423465625447,
        0.0004420979453887637,
        0.0004594781095641028,
        0.0021226529739641667,
        0.0003958551363411019,
        0.00057495337220102,
        0.0030580194083300793,
        0.9606294904424993,
        0.0058171141842179985,
        0.0012455634639921185,
        0.0007824601293947832,
        0.0031870647309895795,
        0.0015212805287515233,
        0.0005986116686466246,
        0.014486214176162667,
        0.0004166776234846202,
        0.002632023759509142
    ],
    [
        0.0007874451433692971,
        0.001977341801300447,
        0.004261557985254472,
        0.06365897346617791,
        0.0023242625042616625,
        0.0005671771672855633,
        0.8617834754654977,
        0.003647453819264999,
        0.0018999030085162666,
        0.005139178111279507,
        0.0008448083271060331,
        0.015266815416003627,
        0.014928499767484647,
        0.0018747576339170607,
        0.0192757829737829,
        0.0012213198870703777,
        0.0005412475224275661
    ],
    [
        2.0070384656714203e-08,
        0.9999989002920772,
        3.4326536644960567e-07,
        6.19559005807154e-08,
        2.926977049427015e-08,
        2.294261207104493e-08,
        1.477983275095757e-07,
        3.34285532096027e-08,
        2.5130661677922495e-08,
        3.6403919637123886e-08,
        2.3730373977629544e-08,
        5.395732826008897e-08,
        3.883686562808929e-08,
        2.192263221782666e-08,
        1.2524413524750453e-07,
        1.0410940741548629e-07,
        1.1641683679667627e-08
    ],
    [
        0.007096363429598809,
        0.015404233676113117,
        0.626474180515195,
        0.04265094475429762,
        0.018414035943534433,
        0.00827590328478749,
        0.06228147450095977,
        0.005366271341923353,
        0.006831414301536649,
        0.028529111114875175,
        0.00797606330818706,
        0.05671936441948097,
        0.04787924843158465,
        0.03856550986189995,
        0.01597645764132432,
        0.009231398064498082,
        0.002328025410203457
    ],
    [
        0.0012046342178450623,
        0.0003576826987482496,
        0.0021145128811811513,
        0.010921022973589451,
        0.0011875003343053206,
        0.0006330297645762207,
        0.006111030348419313,
        0.0020594377444978058,
        0.00181434122543883,
        0.006842344037976108,
        0.0010736125313191374,
        0.9191036047340432,
        0.029906417773793503,
        0.013343037276455257,
        0.0016126484799206936,
        0.0008658572482941739,
        0.000849285729596769
    ],
    [
        0.0031527632302096624,
        0.008408064408054267,
        0.005304862914261042,
        0.020266644715984754,
        0.0034571004183643777,
        0.0017946132034726684,
        0.06178003267589508,
        0.03387755282498186,
        0.007204527010681124,
        0.007317973979047461,
        0.0029488557123870406,
        0.011333113213191921,
        0.009708046030721265,
        0.00236385360630159,
        0.8149340154946875,
        0.0026514078209379345,
        0.003496572740820564
    ],
    [
        0.00022060327435509058,
        0.0002751249015416215,
        0.0008850180776778032,
        0.9550768111823821,
        0.0023014775706828184,
        0.00015060512621109068,
        0.009240970008036864,
        0.0006079064413990306,
        0.0005965370868857975,
        0.004368906893064395,
        0.00036869213059042573,
        0.004792449965203188,
        0.018070555327619014,
        0.001015184172587074,
        0.0014373216767334116,
        0.00042533144523871887,
        0.00016650471979187244
    ],
    [
        1.4247146492595415e-06,
        6.620142690106335e-06,
        1.1281347752425142e-05,
        5.411517816584225e-06,
        2.261036847711498e-06,
        1.3664621797238003e-06,
        4.749144252729353e-06,
        1.9414659364103935e-06,
        1.987607310128092e-06,
        3.371213974440077e-06,
        2.092394899108316e-06,
        6.0869851844805785e-06,
        4.336591358874202e-06,
        3.548711555215284e-06,
        2.3789786638792755e-06,
        0.9999400979212267,
        1.043763702036223e-06
    ],
    [
        0.9188616819877305,
        0.0004605044192110465,
        0.0007375074233035301,
        0.0011119506005004868,
        0.0007419711298270395,
        0.02710320340336592,
        0.0008581675224359733,
        0.003638271212145661,
        0.021060702891776365,
        0.0009901221700013803,
        0.012380080575689805,
        0.003118629317316749,
        0.001262540935052186,
        0.0013716262652268816,
        0.0020073611626313056,
        0.0005366490036559068,
        0.0037590299801296724
    ],
    [
        0.0006839773644160033,
        0.005178170171646537,
        0.9680059759781057,
        0.0024158108709363075,
        0.0011727999013245163,
        0.0007143197822417782,
        0.004128274107399404,
        0.0006148225262988888,
        0.0005712287623681663,
        0.0025311930238088977,
        0.0008420394683538534,
        0.0037540544409826837,
        0.0024239080791443124,
        0.002444372735335658,
        0.0015469290568947424,
        0.002609916108298964,
        0.0003622076224435885
    ],
    [
        0.008490653178586256,
        0.006513851284436052,
        0.0057031037467652,
        0.010553549773439322,
        0.003168558570318822,
        0.004218364392894001,
        0.021516301488043482,
        0.025115599237148973,
        0.011347886782586872,
        0.005360193713851331,
        0.004941422110452917,
        0.0102384118298188,
        0.007102194755260931,
        0.0025917726659619306,
        0.8671408463204366,
        0.0019943114473499083,
        0.004002978702648579
    ],
    [
        3.781615944772412e-05,
        2.66190780326157e-06,
        4.79563625495801e-06,
        1.4317486075425976e-05,
        1.929784371778155e-05,
        1.068321682445149e-05,
        4.691429602491544e-06,
        9.118093652281822e-06,
        3.628930579061133e-05,
        1.2402981219954959e-05,
        0.9997702063911968,
        1.9496655785338756e-05,
        1.2972657680944912e-05,
        7.160272462377774e-06,
        9.26701376324542e-06,
        4.107443839764759e-06,
        2.471550488252285e-05
    ],
    [
        0.001481908321046548,
        0.00686499818545769,
        0.020680274506027455,
        0.044378429808222104,
        0.003700936369965545,
        0.001113832382531645,
        0.8205361070464493,
        0.005379006471207154,
        0.0025896618288309826,
        0.014401359668612524,
        0.0015298931185084917,
        0.01888177714507656,
        0.02168942906156805,
        0.004730906692958666,
        0.027349424433124873,
        0.0035702289934476964,
        0.0011218259669644928
    ],
    [
        0.0020658147156884157,
        0.004009195448320895,
        0.009763204986199637,
        0.015913770402993764,
        0.0019995663799184395,
        0.0019525322945737778,
        0.8818796740784797,
        0.008402673665427768,
        0.0037180794339105746,
        0.005910400506231568,
        0.0011326350810075278,
        0.018984698775701407,
        0.013946279245468929,
        0.006138417282669734,
        0.020847763329256534,
        0.0023781123189820738,
        0.0009571820551697195
    ],
    [
        0.839808389508508,
        0.0009670607343077663,
        0.002018109191973789,
        0.003469669028478541,
        0.0019108527401761944,
        0.03534819310378721,
        0.003112677343736805,
        0.014725107863307059,
        0.037737527452474016,
        0.003225973266353893,
        0.011553566066239864,
        0.011181851169349305,
        0.005352184401734471,
        0.0068882231634405005,
        0.00593152250091948,
        0.0012975959599860214,
        0.015471496505226986
    ],
    [
        0.0017277055810632708,
        0.0016145794738826773,
        0.004086490805220383,
        0.018482319949014156,
        0.9243190445888533,
        0.0014933825356719635,
        0.0037150666707989133,
        0.0012191367625300684,
        0.002591126299943014,
        0.007992526137809392,
        0.007457544148695372,
        0.005234686103615647,
        0.011292760393931622,
        0.003093766263375658,
        0.0029299260811492768,
        0.0018516422144422566,
        0.0008982959900029143
    ],
    [
        0.002086216772576997,
        0.056886329143199424,
        0.8210081441597853,
        0.011219263618086396,
        0.004706234915661107,
        0.0023570891520603206,
        0.03188156867975417,
        0.0027563993232220946,
        0.0021918909976939025,
        0.0064209052604813546,
        0.0022834503932424753,
        0.011305652087342242,
        0.010559753324790632,
        0.006981419581653372,
        0.007976191955580211,
        0.01818185292437071,
        0.0011976377104992292
    ],
    [
        0.008010022417089611,
        0.02538696510315594,
        0.5288217672429469,
        0.035157559786470734,
        0.01279873883164517,
        0.009652047060573987,
        0.11344150318381192,
        0.008277216455107886,
        0.007680843962207999,
        0.01871358177359347,
        0.0066168509072455535,
        0.07919488151601312,
        0.06673529521671283,
        0.038551700099043656,
        0.02008222651438879,
        0.01778641819150437,
        0.0030923817384880645
    ]
]