[
    [
        0.00011799694900408072,
        0.0013716547118254594,
        0.0030112469286094623,
        0.0003689404625884025,
        0.00014855950400627157,
        0.00017632257114969112,
        0.00022679297674535508,
        6.901726796738574e-05,
        0.989104389143801,
        0.0002084986382243693,
        0.0005904162468145302,
        0.0010809377891976613,
        0.0032240217583962357,
        0.00014553179182091628,
        0.00015567325984896477
    ],
    [
        0.0009268706450858717,
        0.8251062994781871,
        0.09838512508846493,
        0.011668246756640405,
        0.0027891800324711313,
        0.002451668124675341,
        0.0019536618046247837,
        0.0005808687714968146,
        0.02358058078555539,
        0.005570470574699286,
        0.007913466073714829,
        0.005306627028188141,
        0.010736410673627992,
        0.0006360451883666426,
        0.002394478974201286
    ],
    [
        0.0005367016897157463,
        0.004616980157260379,
        0.00393376379752254,
        0.0007282361524316827,
        0.0011988597495798613,
        0.9724930881545613,
        0.0004805305050341967,
        0.00024304581537123437,
        0.003171443631530316,
        0.0032523083822685183,
        0.00463450789719825,
        0.0017430435873454892,
        0.0013999166142870945,
        0.0007737352686784246,
        0.0007938385972154414
    ],
    [
        2.5434383896097048e-05,
        0.9936206350302722,
        0.00263999792908108,
        0.00018872990485820833,
        0.0002958065983515243,
        0.0002189223985811744,
        5.833442959490622e-05,
        2.212411573340138e-05,
        0.0008012381190447571,
        0.0005507721109403222,
        0.0009588715272721806,
        0.00022334021124058686,
        0.0002666844622124218,
        3.044440289306479e-05,
        9.866437602857242e-05
    ],
    [
        0.00033504924151783917,
        0.005761434719071131,
        0.005173124407257578,
        0.0004853836367314034,
        0.007072460444868841,
        0.0024893972187532325,
        0.0006712497856542915,
        0.00016249128717311053,
        0.004121606594142998,
        0.013308601814983962,
        0.9539044995658672,
        0.0011051838753167475,
        0.001696037192704523,
        0.00033178527544673895,
        0.003381694940510611
    ],
    [
        1.3545229400563774e-06,
        1.7300617540831246e-06,
        2.538197378612329e-06,
        4.331251793504048e-06,
        1.3226416542438254e-06,
        6.878991691716872e-07,
        4.4067408588130435e-06,
        0.9999469345627992,
        3.4496804712849272e-06,
        6.211864967491487e-07,
        1.1363580209179756e-06,
        1.0587512511935266e-05,
        6.882199131937651e-06,
        1.3428714809756254e-05,
        5.884702098014042e-07
    ],
    [
        7.999800235785321e-05,
        0.0016468985029130972,
        0.0012071072426926583,
        0.00028450629586866596,
        0.9836484821710155,
        0.0003797944552147169,
        0.00026484317501140794,
        0.00015322716244278365,
        0.0008030990210166551,
        0.0034301008623888003,
        0.005719600167503212,
        0.00039778591173369863,
        0.0004915133016944995,
        0.00017490774796240387,
        0.0013181359801843825
    ],
    [
        0.005040587207902005,
        0.008559429100435993,
        0.03091766433528715,
        0.01108051092911902,
        0.0019799894217364202,
        0.0013880387152352975,
        0.017320942201312008,
        0.0030698864793990747,
        0.07244978896552248,
        0.001575148081934347,
        0.005016129685979416,
        0.026294434245740263,
        0.8103474877598972,
        0.003169276274237355,
        0.0017906865962620134
    ],
    [
        0.15647844565770083,
        0.04444769427711254,
        0.04916767084478569,
        0.10505983735372695,
        0.01204980590244288,
        0.017206769010887517,
        0.08512152445290583,
        0.05058302602705737,
        0.07544038815843426,
        0.015046565686739854,
        0.021477087766667253,
        0.19074382861947645,
        0.11359151448787036,
        0.04892635410603969,
        0.014659487648152518
    ],
    [
        0.0002693697628999356,
        0.0007704389976643742,
        0.0015566421548440755,
        0.0004182223545054345,
        0.00014079472652460956,
        0.0002282916203896901,
        0.000934190907408672,
        0.0003135322078721002,
        0.0033136666753242456,
        0.00010976074157995376,
        0.0003795321502754998,
        0.9809074804904614,
        0.009977041041303302,
        0.0006178365847437042,
        6.319958420314044e-05
    ],
    [
        0.0209431723990338,
        0.09450518462677511,
        0.09342370534272383,
        0.03245161260099749,
        0.10645957083401517,
        0.12062681789710084,
        0.03382530353267675,
        0.02447541424550999,
        0.07809018436738134,
        0.05011703334366042,
        0.14491194441172495,
        0.06483607597504852,
        0.07252199671829808,
        0.03922862797947956,
        0.023583355725574188
    ],
    [
        9.238295845211363e-05,
        0.0025286567391962773,
        0.001919972717604415,
        0.0003274418435116022,
        0.9782483003714806,
        0.0008113653009122426,
        0.0003043092664744137,
        0.00021744181492389236,
        0.0012433665320161283,
        0.0029554528579133787,
        0.008843611312297236,
        0.0006583412111748988,
        0.000704809921250748,
        0.0002924980129246712,
        0.0008520491398674106
    ],
    [
        0.00054006342532641,
        0.0005118159446066581,
        0.0008826045354090407,
        0.0006680573860022678,
        0.00040045293910257623,
        0.0005611606746726895,
        0.0007078251009686803,
        0.004186463177974405,
        0.0014927548087064087,
        0.00026640813249768187,
        0.0005068986625007014,
        0.0038952368433277616,
        0.0017598876083443585,
        0.9833970247786178,
        0.0002233459819424075
    ],
    [
        0.02724666240872895,
        0.07193078594975946,
        0.05848939935018925,
        0.04732089916893709,
        0.014300066833216187,
        0.03840929820984656,
        0.03165173550933397,
        0.033506214521858896,
        0.17007291979661485,
        0.01451488089082968,
        0.02827922992912153,
        0.28713322895711924,
        0.10802632754136737,
        0.06022735239461552,
        0.008890998538461481
    ],
    [
        0.8569844820490068,
        0.006096700331795838,
        0.012042772381737595,
        0.014090773831137701,
        0.0015477246911778898,
        0.002235074830976048,
        0.019778046865735876,
        0.0029343970353628073,
        0.01587630852002509,
        0.0021302399506599136,
        0.004176758525346034,
        0.013852820967820265,
        0.04132797675933634,
        0.0037076315576727464,
        0.0032182917022092823
    ],
    [
        0.0005550378893263938,
        0.0012499166398640892,
        0.003961509477205218,
        0.000949986891339122,
        0.00016857136222271914,
        0.00015301793622692498,
        0.003285144686144412,
        0.0002636590594207349,
        0.006260825140140508,
        0.00013803060829936696,
        0.0005241768990835914,
        0.0134441636784307,
        0.9686751202707186,
        0.0002599877798160617,
        0.00011085168176161046
    ],
    [
        0.0011586182609573256,
        0.0028701570736017995,
        0.006216256579510849,
        0.00259271699446679,
        0.0006330611188114203,
        0.000691611931148632,
        0.00655395623637224,
        0.002355267922244462,
        0.009845450594257676,
        0.0005096918954890201,
        0.0012903811575714448,
        0.9340039858354819,
        0.028113925873539274,
        0.0028455165182504297,
        0.00031940200829665545
    ],
    [
        0.02450231999144569,
        0.010512710209220203,
        0.0274193115572222,
        0.014075737218559125,
        0.005495285695032121,
        0.0029585735331403348,
        0.6312390083176674,
        0.014772555703524258,
        0.0333848957245234,
        0.0039897117310389195,
        0.01059250695278418,
        0.05081634663413825,
        0.15565889781137096,
        0.009758576413065477,
        0.004823562507267445
    ],
    [
        0.005296672316340461,
        0.0669530791666002,
        0.07357469339516552,
        0.01843639341471172,
        0.11567510674761784,
        0.051610589441192276,
        0.007544519561026257,
        0.006654195974570386,
        0.05825685396529416,
        0.2151895577160202,
        0.11180129215203316,
        0.020378962022823313,
        0.023117146968693658,
        0.016561322591694242,
        0.20894961456621655
    ],
    [
        0.0002486706055282299,
        0.015327387857304753,
        0.012240534289147216,
        0.0006075193723176702,
        0.01663559247325487,
        0.0025791259232018833,
        0.0007460706769677306,
        0.0002135409045970266,
        0.006125521826681975,
        0.00904454522425697,
        0.9298552582452102,
        0.0016322982578533339,
        0.0024211918461810047,
        0.00036427796477434915,
        0.0019584645327224382
    ],
    [
        1.30329293649609e-05,
        5.3014411680054586e-05,
        6.878196094073663e-05,
        0.9996455944160455,
        7.173303630625832e-06,
        5.704779005950354e-06,
        1.544301642029887e-05,
        1.344754774602227e-05,
        4.5354969141183096e-05,
        9.243406980402346e-06,
        9.711467039593711e-06,
        3.3226681177689324e-05,
        6.232873802144481e-05,
        8.233497041128554e-06,
        9.708875764394017e-06
    ],
    [
        2.3287614422870332e-05,
        0.00012782711490417627,
        0.0001256340402419718,
        5.70855580225777e-05,
        0.00012266935634094427,
        3.792452290183861e-05,
        2.7286736778945965e-05,
        1.1186271909720532e-05,
        0.00010493048638638593,
        0.00048283632903804377,
        0.0001970593170137328,
        3.156392493087493e-05,
        5.616652647243412e-05,
        1.6391650793337253e-05,
        0.9985781505498421
    ],
    [
        4.3866629256889233e-05,
        0.002559797839881941,
        0.9931159663632838,
        0.0003329304487614724,
        0.00010742911437776756,
        0.00010478449447971528,
        0.00010466407426096976,
        2.7735541086466907e-05,
        0.0015200460884888026,
        0.0001629448666535231,
        0.00039456067562102973,
        0.000356894615216074,
        0.0010436435680055674,
        4.003408613454896e-05,
        8.470159449159869e-05
    ],
    [
        0.0075379993168988345,
        0.12328217382555007,
        0.07436173449533837,
        0.01619225855709672,
        0.053233343691412124,
        0.3621849277568943,
        0.012923946468338898,
        0.0062485537483033034,
        0.0456593527652932,
        0.11283813078900795,
        0.10065764778225911,
        0.03154271795290185,
        0.024482959196450774,
        0.011591538375441529,
        0.017262715278812978
    ],
    [
        0.0019732610883646242,
        0.004708917754431339,
        0.008522565260418913,
        0.005221942024547148,
        0.003280770833638126,
        0.004272065971472065,
        0.00389515284856471,
        0.029040260313979323,
        0.012479134927039717,
        0.0019383875670068874,
        0.0036424655194300503,
        0.03985883493386214,
        0.012623154879557596,
        0.8672718574406993,
        0.001271228636988092
    ],
    [
        0.007560512951723433,
        0.016933318646413814,
        0.0342423404873769,
        0.011339934688351136,
        0.009437157547486759,
        0.010039322328947064,
        0.028817890289415442,
        0.03728035990211781,
        0.07393216796245243,
        0.004652915667071476,
        0.016243926893847384,
        0.4806221711547105,
        0.13128856225760022,
        0.13476046147058815,
        0.002848957751897495
    ],
    [
        0.02117583102783457,
        0.09584192621989479,
        0.07156111617425431,
        0.04334954176050371,
        0.18453036550340635,
        0.06356900337624453,
        0.03451035149789461,
        0.02251323581391074,
        0.04232333846824298,
        0.12908238659201263,
        0.12188516369608506,
        0.042128715189123235,
        0.04142387086868375,
        0.023332717657691425,
        0.0627724361542173
    ],
    [
        0.013893484457124308,
        0.03338830874748619,
        0.097186730932594,
        0.08245542039844773,
        0.010976974498737526,
        0.009243655417950365,
        0.05178622437595779,
        0.06919739122076488,
        0.07377003109718672,
        0.007753183653920831,
        0.015102309705500212,
        0.2873478044512939,
        0.1916581716471379,
        0.05116076182133299,
        0.005079547574564614
    ],
    [
        0.011688579575611919,
        0.053156182567347894,
        0.09267383237781407,
        0.011107578750764777,
        0.05976476833414853,
        0.024374987108931497,
        0.09106236548139825,
        0.011936044284653627,
        0.10761480626867448,
        0.02626219558223653,
        0.22582370980723693,
        0.1372651364120604,
        0.11304340762949999,
        0.020933611137692647,
        0.013292794681928486
    ],
    [
        0.0030180315669282457,
        0.11974171288381179,
        0.08904213006236866,
        0.011174765929100938,
        0.043474708012404516,
        0.02001509180639194,
        0.005381456618013253,
        0.0019622031891623026,
        0.040053302980103636,
        0.3922136943510606,
        0.11633242471729442,
        0.009618810417392756,
        0.015005279291114821,
        0.0031207695362052133,
        0.1298456186386469
    ],
    [
        0.0005699560991403929,
        0.01131445963430421,
        0.006965383075749533,
        0.001255416131822246,
        0.011462099535368643,
        0.009490458308056306,
        0.0007565037310456111,
        0.0003184349374267651,
        0.004973234764110865,
        0.8804602554865965,
        0.043342194841728895,
        0.0015084069398371292,
        0.0018045908095351514,
        0.0006883999046821651,
        0.02509020580059556
    ],
    [
        0.9721819350776821,
        0.0015160896462309992,
        0.002183743899709916,
        0.0024768730641431106,
        0.00037832283970027606,
        0.0008505670830655442,
        0.0038989585053805973,
        0.0006720434619117598,
        0.0033639461207748004,
        0.0006269983465966721,
        0.0010449906261129516,
        0.0038072265461311767,
        0.005213666970506113,
        0.001113356125344002,
        0.0006712816867100636
    ],
    [
        0.03266568684875081,
        0.06282207728802196,
        0.07224822926064424,
        0.017856720638568805,
        0.0540190724509785,
        0.034554124105482135,
        0.14188341920282577,
        0.012468514549541792,
        0.0966269770438326,
        0.05900738940173593,
        0.19265777920852584,
        0.09146275806981469,
        0.0826686796992458,
        0.021258192529647245,
        0.02780037970238398
    ],
    [
        0.002707678977773739,
        0.022363134613564786,
        0.021625304543061438,
        0.004960947760657141,
        0.013205739531316894,
        0.8076357060900015,
        0.0027413256611437038,
        0.0024173163079532663,
        0.02235344876364758,
        0.025595959333833594,
        0.03145087969183623,
        0.013991848221472522,
        0.008771960978292458,
        0.013080826563139268,
        0.007097922962305906
    ],
    [
        0.02028886452795293,
        0.005673233471839661,
        0.009019975886738528,
        0.005634963615424134,
        0.002043385661065691,
        0.0018188373508827421,
        0.8236350625818954,
        0.006166520787765064,
        0.012392198783015583,
        0.0015958721778695938,
        0.00451621294500639,
        0.05038261364556517,
        0.051424467250020624,
        0.004195609373742198,
        0.0012121819412162992
    ],
    [
        0.0030735031767378717,
        0.0023233958926186945,
        0.0037286304374231248,
        0.0023451630513826177,
        0.0010772724587031505,
        0.0004262772173287957,
        0.9557553532992394,
        0.0015791272754747843,
        0.004004547495773608,
        0.0007192994083752266,
        0.0019797810321078345,
        0.005909201430479618,
        0.015622920910759015,
        0.0007480683331812958,
        0.0007074585804151687
    ],
    [
        0.001104797042206083,
        0.03019839156956449,
        0.015211548405424375,
        0.004336595871232077,
        0.02318660327799062,
        0.00779275804827685,
        0.0020126319686331073,
        0.0008340915373909265,
        0.00833517220059492,
        0.8490898239410726,
        0.026956418490931118,
        0.0032755494237381153,
        0.003727748656941688,
        0.0012484281084820677,
        0.022689441457521057
    ],
    [
        0.003918117959348047,
        0.003359884320500007,
        0.005109649335854379,
        0.00388647707980599,
        0.002382847232521545,
        0.004031779349514495,
        0.0036406285444812525,
        0.01114433566562012,
        0.012408701875388159,
        0.001957914604021564,
        0.0035316066905540454,
        0.01954400504902717,
        0.009767832460336497,
        0.9135854229325543,
        0.0017307969004723798
    ],
    [
        0.9290804797234595,
        0.0026467144195105484,
        0.0043166075450191636,
        0.0045384936585034785,
        0.0010276932526373794,
        0.0014721385023455777,
        0.02024480110930522,
        0.00238524313090277,
        0.005831433625176937,
        0.0012641675471255372,
        0.0024005769680034627,
        0.007719989740180847,
        0.012689740994803021,
        0.0029275649751594186,
        0.001454354807866714
    ],
    [
        0.4231259226850871,
        0.02020158024905951,
        0.04836291929960021,
        0.043691567428952825,
        0.005887516221374298,
        0.006925778032142449,
        0.12421864798735546,
        0.01132283571953233,
        0.06511382913648023,
        0.008068618121575137,
        0.015037092078531523,
        0.054103928242284334,
        0.14990314192747473,
        0.013820961408861585,
        0.01021566146168829
    ]
]