[
    [
        0.15043635353952625,
        0.008087978959212951,
        0.004747970570765601,
        0.003844973245755955,
        0.0021555459022201922,
        0.004642514996334662,
        0.008240204996083906,
        0.0012086052691750182,
        0.004459923207144436,
        0.0024732415195613798,
        0.004380274864478319,
        0.008122978375311164,
        0.0033854430724903676,
        0.7722951504451198,
        0.0007930015335885736,
        0.006200514563129201,
        0.005131081568642196,
        0.003608039950624645,
        0.005786203420835337
    ],
    [
        0.043294727667250676,
        0.019342523642050777,
        0.005298336573912605,
        0.009569290180160289,
        0.006535596114952685,
        0.007410153141984579,
        0.006325152104045724,
        0.0036514288244915392,
        0.009003042441950418,
        0.003146283795728925,
        0.006988182302249777,
        0.8024095255185204,
        0.004611122048881574,
        0.032827356136978236,
        0.005766288385879411,
        0.00523699708883294,
        0.00957944556352305,
        0.005481672519158628,
        0.013522875949447755
    ],
    [
        0.02404026481372795,
        0.01886816820832999,
        0.00388367045387819,
        0.010090712481957594,
        0.014324904020840254,
        0.006776160289751284,
        0.005398459155798135,
        0.004765864941590594,
        0.009368868485643717,
        0.0031315743105811,
        0.004893352059346764,
        0.8335799650253013,
        0.0036282641377902414,
        0.01777543096601512,
        0.0071506420969997975,
        0.005667018054423774,
        0.008830151169103921,
        0.005558709518006146,
        0.012267819810914127
    ],
    [
        0.03465162670330571,
        0.03539412030951542,
        0.004110139080278789,
        0.016115790767029667,
        0.0018176110620508664,
        0.01785585638778918,
        0.2777364825605492,
        0.0015406959483818083,
        0.025534932837976004,
        0.014532922231467175,
        0.009353172359213338,
        0.0073377615544147545,
        0.4191518786910626,
        0.010362374214345297,
        0.002369096053599066,
        0.0024610725488402644,
        0.07738586655435511,
        0.02778559030113075,
        0.014503009834695189
    ],
    [
        0.01348929815051335,
        0.007070878015183242,
        0.0871568656229165,
        0.021229991849145972,
        0.001773149114330971,
        0.009193839178624522,
        0.018159193054149175,
        0.002898378392459069,
        0.004805025795954979,
        0.6849920740703693,
        0.006803986758948827,
        0.006890605373706261,
        0.006967022060391898,
        0.007467141670067068,
        0.009530361846655915,
        0.0022360783676702114,
        0.056014306385755386,
        0.04852526296217256,
        0.004796541330984774
    ],
    [
        0.01826019864177823,
        0.03362107827191076,
        0.004799472906403484,
        0.05189578810789792,
        0.0007498825321030315,
        0.00593232340021884,
        0.017530126093765742,
        0.0011161633210175425,
        0.014588988537687197,
        0.013112466538811094,
        0.004583608015350154,
        0.0061917095475442436,
        0.011720188100495226,
        0.004068065463652501,
        0.003080531136200408,
        0.0013216427737860735,
        0.7651658030532277,
        0.030815135197228578,
        0.011446828360921245
    ],
    [
        0.11907510768043772,
        0.09797242505183157,
        0.0205575244613229,
        0.050660173943450425,
        0.006322344600127162,
        0.12979328164074544,
        0.014653726138171334,
        0.00685550823954621,
        0.07967390306146166,
        0.008359072282095726,
        0.09821866365928225,
        0.02700350224421719,
        0.01415971352120922,
        0.08957004517760696,
        0.007582910770476828,
        0.02264724248448838,
        0.01454018131398352,
        0.026385369782819138,
        0.16596930394672635
    ],
    [
        0.01889285046884433,
        0.027118619947217492,
        0.037838399750185846,
        0.45383432407620183,
        0.0025409485703622617,
        0.02632121612423133,
        0.009481316273787352,
        0.005474869641445917,
        0.015967755442516218,
        0.059471989690460365,
        0.011954010440274604,
        0.012986823000345484,
        0.005878376993299097,
        0.00736037422023035,
        0.03731062584524761,
        0.0038566423344744334,
        0.06891150259644509,
        0.17802776692731165,
        0.01677158765711862
    ],
    [
        0.034029718331132636,
        0.14812134415974398,
        0.013216141420449808,
        0.10918380581649494,
        0.01601409488819957,
        0.03271862681762843,
        0.01322123716813195,
        0.016932540687383462,
        0.17713321796255466,
        0.011760288103017874,
        0.0179841878056694,
        0.05984606434862601,
        0.011976567896193243,
        0.01983650265419287,
        0.04216995600411781,
        0.02494147121261289,
        0.031149853947824033,
        0.03289045295657626,
        0.18687392781945017
    ],
    [
        0.02402751023482682,
        0.15750466025187104,
        0.0041575788735448045,
        0.04013855109705196,
        0.004572246960464912,
        0.041530629022550926,
        0.010527328517509364,
        0.00386469869781338,
        0.4531024121797004,
        0.004774265997422482,
        0.023966909588754907,
        0.011535105713751631,
        0.009758375394977903,
        0.01063931209134884,
        0.004645878526178909,
        0.008871220820695221,
        0.011653939929748761,
        0.021219771702690404,
        0.15350960439909722
    ],
    [
        0.11252228285643621,
        0.058840201219631266,
        0.009785709322673293,
        0.03068423317008068,
        0.004537104807369303,
        0.03163703012114932,
        0.2935287121942514,
        0.002789773352686181,
        0.038471814376756334,
        0.03166144799187036,
        0.008317003382371138,
        0.018623765920325955,
        0.1051882363348664,
        0.04152378094723277,
        0.004318936004156105,
        0.006034611800421493,
        0.12830381587835152,
        0.045224053618599554,
        0.02800748670077061
    ],
    [
        0.2202895518909358,
        0.04717302170927129,
        0.02231429815844724,
        0.033377206365930806,
        0.012168149955882843,
        0.034676939825109505,
        0.03871964494684446,
        0.005381317032937601,
        0.024799946722048702,
        0.0189921625859783,
        0.01514481557445564,
        0.24975235495596654,
        0.014351019336802965,
        0.142202833413669,
        0.011257078762424178,
        0.00907286566041254,
        0.03968010743465454,
        0.03048949811816714,
        0.030157187550060995
    ],
    [
        0.009002067780621764,
        0.004299298063553878,
        0.8691020154203536,
        0.010406971627209802,
        0.0009339557113558554,
        0.006386795621517229,
        0.006173672344820599,
        0.001827238383435147,
        0.0035615900606708307,
        0.03199188643187965,
        0.005422391946368272,
        0.003141717766155185,
        0.003770173310659453,
        0.007650300791817317,
        0.0043244222993926865,
        0.002446021776125502,
        0.011158786061849708,
        0.014018260535622844,
        0.0043824340665903315
    ],
    [
        0.011949939930818521,
        0.01656528970141659,
        0.020949467081624644,
        0.07577015403404437,
        0.0018517391738496433,
        0.03242708744346687,
        0.018411704396581356,
        0.003477741266935448,
        0.016384232173699966,
        0.17020092167563322,
        0.016607270031308595,
        0.0042619109920237945,
        0.01033929123586184,
        0.005136477380355041,
        0.008391952145085476,
        0.0031789598075648738,
        0.04832554956726931,
        0.5248459030836473,
        0.01092440887881317
    ],
    [
        0.027020838157725588,
        0.02101632565190129,
        0.013423989284888372,
        0.04694364417154607,
        0.0025108622836493436,
        0.02094326127467311,
        0.08389655344546858,
        0.0025132094713552103,
        0.013626495106624588,
        0.3212036702239488,
        0.007527322790710697,
        0.007476497895902936,
        0.01902292081075243,
        0.009570945371124512,
        0.004840965387867573,
        0.0029068721410514527,
        0.19636859782878197,
        0.18945766137287717,
        0.009729367329150307
    ],
    [
        0.04094580712081725,
        0.10556073645684833,
        0.006302641022154648,
        0.0784686425256851,
        0.001758644650722383,
        0.04208110864008321,
        0.12627710424153052,
        0.0018669322789767846,
        0.08652127878422616,
        0.025616538532759383,
        0.029337660773365012,
        0.008164779849242902,
        0.04254750977418488,
        0.00822358410068763,
        0.0037882805347355967,
        0.0025229628202498708,
        0.1280985177723982,
        0.23212922465934113,
        0.029788045461991083
    ],
    [
        0.10334623812213892,
        0.09645917359555105,
        0.021761042637731577,
        0.08458674175144253,
        0.006716186919665357,
        0.15131097479586206,
        0.035993221074979605,
        0.005246747743400739,
        0.11638243550895093,
        0.023557560947443355,
        0.036780289835188516,
        0.01576685253082541,
        0.014589779421985223,
        0.04908668238620311,
        0.006265405019442408,
        0.015669843487543692,
        0.028461248192963785,
        0.10525383718414434,
        0.08276573884453743
    ],
    [
        0.019069391063579036,
        0.0281889473113827,
        0.010096557660184535,
        0.018441795809796265,
        0.03255383623856366,
        0.010628335971280243,
        0.00664989460884001,
        0.08310981009674956,
        0.024666108365406794,
        0.005688854337506134,
        0.011598162381285023,
        0.02262909503456649,
        0.007630540464131587,
        0.021944507406883536,
        0.011565152318547284,
        0.6309207924621906,
        0.011625590410671743,
        0.008911205618018335,
        0.03408142244041652
    ],
    [
        0.018138668655439328,
        0.07207957149120169,
        0.0021691656214759595,
        0.013356892973404326,
        0.0009191282912718676,
        0.00808914957647602,
        0.0018811327465290168,
        0.0011028206787746897,
        0.04735351220724946,
        0.0010026780438784617,
        0.0043432583082748145,
        0.011320822909227922,
        0.0025401157419741765,
        0.009921027464177872,
        0.0020321177570804963,
        0.0036973849191584028,
        0.003461448858951121,
        0.0031276887374213297,
        0.793463415018033
    ],
    [
        0.048603935506184304,
        0.09473817334501193,
        0.009100656634449039,
        0.03766817893736608,
        0.003682199156692822,
        0.03875574844186444,
        0.045578992684321744,
        0.005180159246173292,
        0.06374595747832576,
        0.012283070671634167,
        0.0609381330608635,
        0.020915852810913488,
        0.38602246892710224,
        0.017915786533401916,
        0.008802114736135978,
        0.006575030062470424,
        0.05485313122822555,
        0.028839212893030618,
        0.05580119764583269
    ],
    [
        0.00014989316162693716,
        0.00025291451104621454,
        0.0003115364019594575,
        0.0006570412712169574,
        9.02677612207095e-05,
        0.0001951703561188492,
        7.824884657151531e-05,
        0.0003386821076219676,
        0.00018314643967273414,
        0.00018648963953438554,
        0.00013460367524334004,
        0.0003869417951571718,
        0.00010472174851919263,
        0.00010849819308319921,
        0.9959156835990672,
        0.00011352206611781796,
        0.0002862341266926007,
        0.00023728198059188983,
        0.00026912231893787167
    ],
    [
        0.03529374084790255,
        0.044363810323082724,
        0.01522079856810389,
        0.033249358000161745,
        0.007131834381371772,
        0.06357778116578923,
        0.03122057906385578,
        0.010934174800126917,
        0.04067333706333463,
        0.0162438709326881,
        0.4970914425792007,
        0.014142941865095716,
        0.05364020794634659,
        0.02015394535007557,
        0.009449313615759626,
        0.012815580717633616,
        0.023057038966722433,
        0.0359390423372766,
        0.03580120147547174
    ],
    [
        0.0861386801023299,
        0.05585492153964068,
        0.020933202525873478,
        0.02436887638145272,
        0.016346745411834646,
        0.012331429554730381,
        0.017328490284286437,
        0.013664346462738055,
        0.0352489316434191,
        0.008623838400689185,
        0.013882386481810791,
        0.3987134788779517,
        0.01704343959053988,
        0.11309348876286558,
        0.01841447051360284,
        0.03907160875143183,
        0.031019894871081866,
        0.01174569563793825,
        0.06617607420578257
    ],
    [
        0.036963430227007245,
        0.12848213057588645,
        0.01262744674831452,
        0.07349354912005739,
        0.01440656690823901,
        0.06263025109999129,
        0.023283231328653654,
        0.024360478670152057,
        0.09385366064399187,
        0.015390990771997803,
        0.02686443195662454,
        0.03967724658965476,
        0.15652611994462218,
        0.024144769549708026,
        0.03697550031836028,
        0.025283474692606528,
        0.04586787478605728,
        0.029527668338349758,
        0.12964117772972536
    ],
    [
        0.052526567247856884,
        0.03668228036547243,
        0.009456047463255202,
        0.021305075377575502,
        0.003915494167711772,
        0.023931793031045322,
        0.5271266479295986,
        0.0028334592981359478,
        0.039008625568860915,
        0.03218673271673107,
        0.02040518407681955,
        0.009303106219377489,
        0.05638511055042088,
        0.02014946556236692,
        0.0033075323528240336,
        0.005644587357230341,
        0.061162597708646384,
        0.05534319309783329,
        0.019326499908237413
    ],
    [
        0.015612397495365716,
        0.0314286598989256,
        0.05354826124249168,
        0.3256335318110917,
        0.0034485522929860106,
        0.044305460318690794,
        0.00986913089320895,
        0.011820613782120548,
        0.026497395429256217,
        0.047283809924000546,
        0.026784858482708656,
        0.012601402671387195,
        0.010381390142213886,
        0.007990135427710116,
        0.17922900412086337,
        0.006451480595228284,
        0.04154167437653731,
        0.11548449943401999,
        0.030087741661193317
    ],
    [
        0.0016549584946056466,
        0.0016319148027235937,
        0.0005098585053042786,
        0.0010163589046331665,
        0.973799273641376,
        0.0008695495209592768,
        0.0007270991300928647,
        0.0026527034898020403,
        0.001137065263392411,
        0.0005095726791574711,
        0.0006591715518489258,
        0.00363856163002809,
        0.0005927591160829437,
        0.0018436024550298005,
        0.0007540235245444026,
        0.005127225604976558,
        0.0009354755616613631,
        0.0007186729846563587,
        0.0012221531391248342
    ],
    [
        0.025023608203972925,
        0.10065213858895361,
        0.006423556827219728,
        0.03824768673826212,
        0.0036392449202625947,
        0.026035316000512475,
        0.009641301849451623,
        0.007245046183661023,
        0.09448545321320209,
        0.004893685518620174,
        0.5109467732048573,
        0.013735719241795395,
        0.014130905267824363,
        0.01029054004980417,
        0.006966124421250878,
        0.009782638293551582,
        0.013951067867414296,
        0.01736492359911093,
        0.08654427001027279
    ],
    [
        0.011935871394562134,
        0.1226321991090604,
        0.0031789745600402093,
        0.056448526543488795,
        0.0013598923307592697,
        0.0480114462866141,
        0.0056778368052132384,
        0.0019381404363227723,
        0.4368122226404279,
        0.0035607809355302847,
        0.012361918703701203,
        0.004899929028033887,
        0.01062857656332806,
        0.005007651594660342,
        0.003953709123833412,
        0.003698503779084579,
        0.009613869997962213,
        0.017963943275640007,
        0.24031600689173724
    ],
    [
        0.003537037589287218,
        0.004162839210783913,
        0.0006230550388594436,
        0.0017751423597534457,
        0.0011555791858126007,
        0.0007818171351439851,
        0.0007234806174364941,
        0.0007894066484326018,
        0.0019056040291754448,
        0.00040195521874243195,
        0.0007734994282793169,
        0.9722585058092699,
        0.0006780314127223188,
        0.0023693922655100186,
        0.0015781376963454896,
        0.0009773461347439688,
        0.0016627467973808774,
        0.0007103894610051628,
        0.0031360339613154416
    ],
    [
        0.06802151834785754,
        0.03139690863121737,
        0.020237087776348757,
        0.031267476870136035,
        0.0029939515796024874,
        0.024888475926334763,
        0.20290169228422977,
        0.0026387932347128576,
        0.019374351623044038,
        0.06513717492926274,
        0.009859526268684589,
        0.017003572465148695,
        0.2000652381901291,
        0.029008982337329306,
        0.0067467082017841065,
        0.004142448889305266,
        0.19993116761552984,
        0.045219101927090395,
        0.019165822902252314
    ],
    [
        0.01930752274311996,
        0.013629892902900238,
        0.01046938413502728,
        0.009566085277721667,
        0.018102486810081624,
        0.009172466048779707,
        0.0064764449147687725,
        0.026260587852157898,
        0.011325473633482222,
        0.005143122059310847,
        0.011501353006436435,
        0.00997777334962324,
        0.0063810972361294065,
        0.030023792117161396,
        0.004151411463054276,
        0.7794235389225689,
        0.007888760553646958,
        0.00704354787521661,
        0.014155259098812496
    ],
    [
        0.013329393697149056,
        0.017404157479556245,
        0.008143046397191366,
        0.039112050379697796,
        0.0025005066204937553,
        0.778354357908444,
        0.007004181495136284,
        0.0034774962298556094,
        0.012912881373938598,
        0.011343258791363395,
        0.015568025415184844,
        0.004601612327155375,
        0.009965267667314912,
        0.008310051283957016,
        0.004951359062228032,
        0.004151852885012292,
        0.008510756539233603,
        0.03535124222174292,
        0.0150085022253449
    ],
    [
        0.005250870163654776,
        0.08781103011879508,
        0.0007390020042013652,
        0.010726266521992246,
        0.0004147982808233783,
        0.004179699640642968,
        0.0032267870967631652,
        0.00046218872465462796,
        0.8260775322879153,
        0.0010617097271733776,
        0.0036571357763209716,
        0.0018490588220059201,
        0.003107155354780365,
        0.0015064109800883645,
        0.0007450829318225589,
        0.0009478024568520075,
        0.005332114363863201,
        0.005433501502529237,
        0.037471853245121214
    ],
    [
        0.033964817990055234,
        0.05348717459910152,
        0.013418650576172,
        0.04243246763544135,
        0.0060032742632597546,
        0.04485585255299722,
        0.029299739234389405,
        0.012121298386939705,
        0.052746281658370656,
        0.016750623503131473,
        0.51269573729852,
        0.014237131414832757,
        0.023065935755705806,
        0.015689380074332487,
        0.008673588878265616,
        0.010858597750085717,
        0.026233089702075118,
        0.04839734825851568,
        0.03506901046780851
    ],
    [
        0.004486357863809986,
        0.0018450592607403367,
        0.00045389520480598224,
        0.001155053982181979,
        0.00011755374190601296,
        0.0007749190255519344,
        0.9637725274300972,
        9.28896720262666e-05,
        0.0011701052768409226,
        0.002137901426894509,
        0.0007559639647604323,
        0.0006276337117805272,
        0.0029946785031268325,
        0.0008961005152747558,
        0.00015146991808584852,
        0.00014369660241633577,
        0.014572077436909902,
        0.003165478389193037,
        0.0006866380735970078
    ],
    [
        0.03309782217327073,
        0.029041351276235073,
        0.030610839845478535,
        0.05525508386200565,
        0.007119194260785456,
        0.01947054895612179,
        0.06862468721073672,
        0.0070182918707706364,
        0.023048695361653132,
        0.2768050421096838,
        0.009504740303123451,
        0.018164537477010464,
        0.021582334250112176,
        0.017037876594334988,
        0.01571383084948673,
        0.007817530870361083,
        0.23633806428319734,
        0.10636876979973095,
        0.017380758645901318
    ],
    [
        0.007105318448472423,
        0.008240971334561732,
        0.002490994345876976,
        0.010967643894065158,
        0.0003945429348939512,
        0.002182824502910303,
        0.011170726386187725,
        0.0004902382884929186,
        0.005026051972325449,
        0.009513351545794118,
        0.0011837007167300666,
        0.002691118689768118,
        0.005699137874047137,
        0.0021210231119198216,
        0.0014177829585286421,
        0.0006657637629073637,
        0.9135961165377569,
        0.011259373999452678,
        0.0037833186953084522
    ],
    [
        0.06651878752312389,
        0.1822251361988116,
        0.00900666508909311,
        0.051742842215076114,
        0.03172638606312463,
        0.042330857981791065,
        0.012513937726269408,
        0.0148706686400234,
        0.14957811611889507,
        0.006913881749886671,
        0.02526342699429965,
        0.06746260469176214,
        0.009699552042912231,
        0.04438051420191327,
        0.010579832049873119,
        0.05640057977739838,
        0.016833295540491792,
        0.021290502242229205,
        0.18066241315302528
    ],
    [
        0.0074564548627690415,
        0.02332660126830227,
        0.004054097935524709,
        0.825838504175222,
        0.00038458423363169596,
        0.00990439047881459,
        0.0032134127873913736,
        0.0007607698454681417,
        0.0115464457148064,
        0.005911326256158042,
        0.006809564663019081,
        0.002331637146974503,
        0.0023370483060963306,
        0.0018396918866240353,
        0.0024114330377761665,
        0.0008133635514189796,
        0.019849358577690452,
        0.060747710330647305,
        0.010463604941664971
    ],
    [
        0.030908185643181228,
        0.030823790653626316,
        0.01192133707412794,
        0.019913325431490804,
        0.06859405328061377,
        0.017472330066811814,
        0.010316360450373898,
        0.08516095542077873,
        0.024827330434972737,
        0.007903419808540773,
        0.022734903977263264,
        0.023573531273581753,
        0.00860400847340882,
        0.03631964197276046,
        0.008170128011715287,
        0.5388231059218718,
        0.012841022134437607,
        0.013275823457815946,
        0.027816746512627014
    ],
    [
        0.05627098623927903,
        0.08199919692154173,
        0.00859544981865593,
        0.04105083430481202,
        0.0054910068526172915,
        0.42518128979091335,
        0.02247312144604446,
        0.004164787019825953,
        0.08796150201641138,
        0.00972024488777031,
        0.047986401782260484,
        0.013184977300186543,
        0.022927850584847344,
        0.03005258611295276,
        0.004967163273476713,
        0.009597093058610586,
        0.014501569617831,
        0.03841065036842791,
        0.0754632886035351
    ],
    [
        0.20689508344113605,
        0.06022299982831312,
        0.020588498324801526,
        0.028400520156899606,
        0.006259031626935597,
        0.03790491917148226,
        0.11965200773150503,
        0.005189250623147381,
        0.04687114929530459,
        0.019178617431105605,
        0.18210311201872226,
        0.020769323074785587,
        0.03498886717405381,
        0.07988534206949933,
        0.004516374007907641,
        0.012683345448920387,
        0.03569020832720023,
        0.04070037327149623,
        0.03750097697678367
    ],
    [
        0.0059075994376919655,
        0.003598059107242012,
        0.014338644021814053,
        0.008564228968433566,
        0.0010467641506121813,
        0.004807987699746313,
        0.01559258357050002,
        0.0013696069825872206,
        0.0027918365889958384,
        0.8637947144742864,
        0.0031985792345727054,
        0.0022760943704645343,
        0.004564108212747073,
        0.0032540291402640546,
        0.002563358922127887,
        0.001286420125196238,
        0.027281793885138884,
        0.031466452157672305,
        0.002297138949906823
    ],
    [
        0.0061860355372940655,
        0.0076196212551268155,
        0.011251898691454515,
        0.04925566920343882,
        0.0005663005003505685,
        0.017161041532629488,
        0.008151889555226404,
        0.0010117688341865457,
        0.006944495770099819,
        0.09545724330744051,
        0.006186778865919278,
        0.0017907849940762167,
        0.004051764929572054,
        0.0023402970954222065,
        0.0030091577852967306,
        0.0010352837409942806,
        0.02548606104529613,
        0.7475553589697436,
        0.004938548386431956
    ],
    [
        0.0017285956381833845,
        0.002263625007283307,
        0.000750833858367339,
        0.009022927157104788,
        0.00011765779159595202,
        0.003760233178009477,
        0.0023892676930086314,
        0.00014320978693010077,
        0.001741768897202758,
        0.00592846161805955,
        0.0012644205848885526,
        0.00034553429374815285,
        0.0006449473590657911,
        0.00045890734049027897,
        0.00026338345577400806,
        0.00017563439525824208,
        0.004684156564909254,
        0.9633839582796379,
        0.0009324771004826498
    ],
    [
        0.0007506807557915252,
        0.0010772883032076348,
        0.0006263359842673516,
        0.0012175457088542318,
        0.0024416236280133835,
        0.0006629618921836226,
        0.0003931663073885043,
        0.9807360005058282,
        0.0007480982834557368,
        0.0005293668787447765,
        0.0009145409486012498,
        0.0011761777128547538,
        0.0004926145245939443,
        0.0006446233171315374,
        0.001521749507354309,
        0.0036421558958305263,
        0.0008766644034832998,
        0.0006917138078902858,
        0.0008566916345250984
    ],
    [
        0.0388290154671805,
        0.049313909346265276,
        0.023384466519345753,
        0.05003051566818456,
        0.04239570831616786,
        0.08023871005178616,
        0.018903749843478267,
        0.2282157356475989,
        0.03630527157556968,
        0.02070020708648588,
        0.0773077394270119,
        0.025340826332127187,
        0.031245606547375324,
        0.03528012691243219,
        0.02248296521804601,
        0.1168780277659757,
        0.02572948675346107,
        0.03553628065287329,
        0.04188165086863454
    ],
    [
        0.02020582384702977,
        0.03235922012907952,
        0.005237774373879073,
        0.020185951290592943,
        0.00335681394463007,
        0.02984430073127185,
        0.025236439284437084,
        0.0036859183973555368,
        0.0217773529896902,
        0.010370387482724244,
        0.00964087999463066,
        0.010230989084685931,
        0.7197077415320142,
        0.011651711423148846,
        0.005786981431092172,
        0.004739246304194226,
        0.02765927805930636,
        0.015791665733821743,
        0.022531523966415463
    ],
    [
        0.006373417988853646,
        0.011434465318010349,
        0.004187798461351221,
        0.1855649725370057,
        0.0002667261587215905,
        0.015344847416860652,
        0.004574297666500958,
        0.0004051410473562773,
        0.008354331729723562,
        0.011846913600103055,
        0.004528108610696373,
        0.0014253777149073506,
        0.0022000072073205556,
        0.0015787100780369151,
        0.0014531622875509499,
        0.0004919836844153865,
        0.017433019986511786,
        0.7165408927085011,
        0.005995825797572651
    ],
    [
        0.07262777107072126,
        0.15550778841598958,
        0.008464742014137784,
        0.06853312957182132,
        0.005842820309425733,
        0.20426056648284385,
        0.011819886015211127,
        0.004437465201833961,
        0.08328195103799908,
        0.0069811861460526365,
        0.01432706604176332,
        0.0315085537164271,
        0.016464583502941138,
        0.04514892341114446,
        0.007755277340076752,
        0.010801458134572362,
        0.015159520621789406,
        0.022566538508944734,
        0.2145107724563044
    ],
    [
        0.09750556015647777,
        0.21289152485410842,
        0.009316130094927171,
        0.05845143479891258,
        0.010176933542106957,
        0.031705485279975784,
        0.026694150325835247,
        0.005986426065583453,
        0.22546897875413927,
        0.010255908463074125,
        0.031422732836777156,
        0.04449852684247125,
        0.009834395852218078,
        0.03072062532248285,
        0.006985422379805149,
        0.01453362251459801,
        0.031733631670371916,
        0.04233582930962924,
        0.09948268093650556
    ],
    [
        0.011807018245958796,
        0.011276416729894587,
        0.004082221079359756,
        0.006322197874027117,
        0.028389301487456074,
        0.00632620159167377,
        0.002850491771233739,
        0.013230580924989573,
        0.008510175050331194,
        0.002088707399352806,
        0.0046530916749175566,
        0.01188128027680578,
        0.003553713662996483,
        0.01960986946094224,
        0.0035298720468908778,
        0.8407218786123545,
        0.004049623653502656,
        0.003409545506837868,
        0.013707812950474593
    ],
    [
        0.03539225431404902,
        0.014544469739262024,
        0.018809347585553447,
        0.022072703484006924,
        0.002185068092340767,
        0.020500205779627474,
        0.20223838761154295,
        0.0021165849520359964,
        0.010334400364736445,
        0.34936392485446655,
        0.008418504869916108,
        0.006811954335169178,
        0.02957988331609622,
        0.01415803755272662,
        0.0037040706969838355,
        0.0029098858974708082,
        0.14387388400205883,
        0.10519123959963533,
        0.0077951929523214485
    ],
    [
        0.01546959303567375,
        0.5115283836997494,
        0.001733953918072533,
        0.04189634016786797,
        0.0006085735841559349,
        0.007433770811892866,
        0.005996055728983349,
        0.0008288382995688657,
        0.2772880456970331,
        0.002197469201742562,
        0.00907220370663273,
        0.005128718125700833,
        0.006415400812803973,
        0.003029775822531392,
        0.0017574019262513532,
        0.001393698372299392,
        0.020554899180249435,
        0.01241714723641018,
        0.0752497306723802
    ],
    [
        0.009832138993757185,
        0.006055830328567405,
        0.0012232299032075588,
        0.0029699767442328997,
        0.001883668661030986,
        0.0019204295296263677,
        0.0018418297098383835,
        0.0008028281864691579,
        0.0026378044292128945,
        0.0009344762689458507,
        0.0010253007191846804,
        0.9474320056135658,
        0.0015923882080168112,
        0.007554427592898474,
        0.0019731883053916805,
        0.0012135122379654834,
        0.0033807475877973697,
        0.0014704200841197345,
        0.004255796896171444
    ],
    [
        0.011328076702983669,
        0.016249675811656556,
        0.0031536077215045134,
        0.009345421539880012,
        0.0013433078888339944,
        0.009196653757665865,
        0.02813577643572228,
        0.0017742188934094351,
        0.013274945851760592,
        0.006967309556269374,
        0.008377165819501438,
        0.003752293488167918,
        0.8350049993255496,
        0.005494914657405782,
        0.002085822788273726,
        0.0025296727263204683,
        0.021781797169211917,
        0.009967707434135456,
        0.01023663243174733
    ],
    [
        0.02052997841708226,
        0.03157708108946125,
        0.013836535452343748,
        0.09062217015717888,
        0.004329656064635826,
        0.5868657342559832,
        0.010886122463224717,
        0.005247858539624912,
        0.027463469727885877,
        0.021360737487571307,
        0.0159337554327379,
        0.007630999871418298,
        0.010878205302667445,
        0.01253524311983929,
        0.009009930092481036,
        0.007137664282553687,
        0.015065344468360053,
        0.08031533770476695,
        0.028774176070183358
    ],
    [
        0.012949450314757726,
        0.01506497799650528,
        0.016664759692725066,
        0.01685322583348452,
        0.02206847041791044,
        0.009981743242584553,
        0.00511589508900992,
        0.6163664582191526,
        0.011403188450689054,
        0.006859218837984727,
        0.013490819266756904,
        0.01741253159247105,
        0.006854184593509747,
        0.015233051024474179,
        0.022656204962403035,
        0.15523722314489427,
        0.010255727587463096,
        0.008445947233282953,
        0.017086922499941006
    ],
    [
        0.08848784545917796,
        0.1067607945977243,
        0.016129710887006474,
        0.03869330496464549,
        0.009133882181900917,
        0.026681734574500307,
        0.008858122448393423,
        0.010586363875203075,
        0.07956678326558138,
        0.0054789010791060095,
        0.020974678698973435,
        0.04882490669975998,
        0.009460384790843535,
        0.10306538886438404,
        0.009087209204146416,
        0.09540209766039617,
        0.014311559593283086,
        0.013054354008902178,
        0.29544197714607184
    ],
    [
        0.11309033694542447,
        0.007703157935152669,
        0.005638617178264038,
        0.003983665995093171,
        0.002500130453587038,
        0.005283351232866437,
        0.011890351469330223,
        0.0011656758622586487,
        0.0042478314634093175,
        0.0032144663159530103,
        0.0035102779712762036,
        0.021392421931538036,
        0.0054462100821105345,
        0.789825585790389,
        0.001281073073250175,
        0.003480566792408476,
        0.006678444325199033,
        0.0037684406359975537,
        0.005899394546491884
    ],
    [
        0.017046897130644775,
        0.19541674925440836,
        0.004032186154648935,
        0.038948646723880154,
        0.0020265329399691795,
        0.012529852961138446,
        0.006075072189343895,
        0.0037913373134902373,
        0.2634093220155783,
        0.003100363746524711,
        0.01987666670430498,
        0.01402159522373126,
        0.012234493747100873,
        0.006955053988706012,
        0.007394195186802501,
        0.006391546275614081,
        0.014784276550705779,
        0.010160368557036389,
        0.3618048433363711
    ],
    [
        0.008538834865308294,
        0.67140891249484,
        0.0005865685110268723,
        0.012582763910139357,
        0.0003992160292159951,
        0.007252593261861822,
        0.0022456866476761885,
        0.0003995289080958761,
        0.21618682347356352,
        0.00072250581693956,
        0.00434344605041426,
        0.0032033819259063225,
        0.002589993091357378,
        0.0018114758893660792,
        0.0007012236412953794,
        0.0007317824215345544,
        0.0038513298446479,
        0.004184355688698046,
        0.05825957752811281
    ],
    [
        0.016385960741369294,
        0.02198906028957369,
        0.010966340571793524,
        0.044737557539428666,
        0.0019510862414935646,
        0.7033800995646916,
        0.010309910876178847,
        0.002987552621746448,
        0.01871110150921538,
        0.013932285370599554,
        0.032496876935177534,
        0.005198119533530553,
        0.016816832186931165,
        0.008829450138476526,
        0.006010462964082569,
        0.003560187441949363,
        0.011713970483505332,
        0.04971977873160236,
        0.020303366258654067
    ],
    [
        0.012179810325357768,
        0.2148491005374907,
        0.001579438656762631,
        0.03051645829118256,
        0.0008372184764304326,
        0.015026287586786629,
        0.00958779378129184,
        0.0009636857349014204,
        0.5941144394187932,
        0.002893073417459039,
        0.011001393695056936,
        0.003607721132451288,
        0.011052144835872883,
        0.0030377719339758917,
        0.0015905395112017677,
        0.0016514409048568098,
        0.015348270244310635,
        0.019038248188841596,
        0.05112516332697579
    ],
    [
        0.002436041390762786,
        0.021923922334410182,
        0.0004246419102371882,
        0.004107068535011934,
        0.00014000681432647648,
        0.0023611774769286852,
        0.00045803530333581743,
        0.00020989699966545417,
        0.03764692504628277,
        0.00024844032664378456,
        0.001255930879705171,
        0.0008637702947382127,
        0.0007713674737656539,
        0.0010966196770415835,
        0.0003585705879207114,
        0.0006583815990926842,
        0.0008408651457369897,
        0.0009348171460829092,
        0.923263521058311
    ],
    [
        0.0453490954570344,
        0.01294030474453419,
        0.0040479676960782736,
        0.006344247861172531,
        0.003361454867812574,
        0.004166293863121184,
        0.007692000818757485,
        0.0018771176600761513,
        0.005489541043296627,
        0.0029919918989313953,
        0.0032394438435263523,
        0.8347641077067927,
        0.005346097161687915,
        0.0315614910096888,
        0.0034555932610400328,
        0.002806391139081959,
        0.012681499451405051,
        0.0040044323176979734,
        0.007880928198264565
    ],
    [
        0.02600350455293085,
        0.2052086844439662,
        0.007511244848512897,
        0.08603670780211092,
        0.010410339602448183,
        0.029230355285612932,
        0.011184253713719276,
        0.014853222139872729,
        0.17056707339032334,
        0.007751299629895467,
        0.016525224270219286,
        0.04292702142544709,
        0.021291223795820796,
        0.014138109001357342,
        0.029490011838935324,
        0.01812834812336836,
        0.027712387373980775,
        0.02054113622830244,
        0.2404898525331758
    ],
    [
        0.011883825988968482,
        0.006490113467896293,
        0.849792363934373,
        0.019117663707129553,
        0.0015058416890581768,
        0.006960816520250832,
        0.003856508890842359,
        0.003272151272826269,
        0.004503234171650483,
        0.014393456039653621,
        0.004266132962480448,
        0.00891676181841734,
        0.0028663991158258554,
        0.011308414460136229,
        0.016717750512787066,
        0.0038025055710605112,
        0.01190097825128605,
        0.011018709200261094,
        0.007426372425096519
    ],
    [
        0.06849962988057126,
        0.14522981191558512,
