[
    [
        0.012203806038097028,
        0.6390105317460589,
        0.009513767632173455,
        0.013087378649364293,
        0.01410689569744699,
        0.011357678328184243,
        0.03298633055954669,
        0.022354987010540575,
        0.026719723436993584,
        0.029471065035983533,
        0.010394744710587126,
        0.016644126125728603,
        0.0059986263373894904,
        0.032671971582706454,
        0.08437416243571695,
        0.011769538623438604,
        0.01298266307491031,
        0.007593401185643541,
        0.006758601789489459
    ],
    [
        0.07154494438172472,
        0.005366521990596372,
        0.026877504725621264,
        0.02172321482488476,
        0.013936283071005025,
        0.07392934805010594,
        0.009981518395725003,
        0.01183058834840071,
        0.01680486351792003,
        0.006185919270885255,
        0.14370001449235525,
        0.055228595324662996,
        0.015684457921494133,
        0.013681167177491295,
        0.007248234243899477,
        0.05126710157454915,
        0.04344575074859457,
        0.2068932681235199,
        0.20467070381656416
    ],
    [
        0.07841430556096,
        0.022146646843749118,
        0.05483922995874302,
        0.032993489077160675,
        0.01792587877876401,
        0.11190272752489865,
        0.016639619705296767,
        0.027783797837027866,
        0.09294029426072005,
        0.02608962601495233,
        0.059800816213746895,
        0.22006792751691023,
        0.06136034203047049,
        0.02617213811971426,
        0.030404929365273198,
        0.028759957429743785,
        0.01830710871065717,
        0.04889958525611154,
        0.02455157979509997
    ],
    [
        0.013245827229597221,
        0.003528317658176854,
        0.010164846205330539,
        0.01037869122881917,
        0.0338460710240584,
        0.015446505881962818,
        0.0032093846137326437,
        0.008368523333810489,
        0.0035920454561554236,
        0.003570747580195402,
        0.06985068266480474,
        0.01869159824063109,
        0.0077994229017172775,
        0.004220202794770806,
        0.00234437693603217,
        0.027725026144491155,
        0.030819648408929756,
        0.17282014319415795,
        0.5603779385026261
    ],
    [
        0.04699023250649502,
        0.0043847219063164,
        0.032621515096304385,
        0.01867309748615397,
        0.020051986037552823,
        0.06076790926148649,
        0.005311983515752604,
        0.017100343459124156,
        0.00788434361422097,
        0.009216825242573423,
        0.10502488010863735,
        0.3016678968571139,
        0.15264706459768823,
        0.004708394405306771,
        0.004788037656554984,
        0.04183283963583316,
        0.01768502613850595,
        0.12388775094376296,
        0.024755151530616446
    ],
    [
        0.07553813675556671,
        0.003087992563901321,
        0.007803693945569164,
        0.023226772790675664,
        0.012065307249535546,
        0.038931182385809684,
        0.006219054679210072,
        0.00955504038694928,
        0.009881157515992054,
        0.007340643113085021,
        0.14256972219442396,
        0.13274654662619198,
        0.030160053096767538,
        0.007473183086690997,
        0.004871489147252919,
        0.26299918214078355,
        0.035375540910863264,
        0.16003174653957045,
        0.03012355487116081
    ],
    [
        0.005962653940244769,
        0.001839277204291049,
        0.0027312204215552013,
        0.006341852530393332,
        0.01250121396518639,
        0.010283829083352508,
        0.0012861442614636482,
        0.0026942412075352112,
        0.002281102240178102,
        0.0010471606686514336,
        0.8305912366197682,
        0.03787227394933097,
        0.001987274885813179,
        0.0013352844199383438,
        0.0010825453691916322,
        0.03885654958104246,
        0.0030670426273294122,
        0.021294669441980336,
        0.016944427582754117
    ],
    [
        0.8717480932089803,
        0.0003610765358340514,
        0.003616086861029447,
        0.0020368538897390844,
        0.0007102166234933999,
        0.04837139903810864,
        0.0012541722952582727,
        0.0036504552281357208,
        0.002010202252445704,
        0.0007097087236769842,
        0.0034772730992537653,
        0.022735631237086766,
        0.015218097411866123,
        0.0014749908404003912,
        0.0007226692590224924,
        0.00209239513812475,
        0.00872696079132055,
        0.00891337891472877,
        0.0021703386514943536
    ],
    [
        0.017059556439956804,
        0.0005165501513881085,
        0.0031031371716519237,
        0.0020604043669007876,
        0.0019036336756604437,
        0.03504385985477154,
        0.0005579719560657438,
        0.002579637247793995,
        0.0015436461124201395,
        0.0006093240133569983,
        0.026074365962154327,
        0.8678120883975236,
        0.005442595136785392,
        0.0007687825863595435,
        0.0005182853858093849,
        0.004266102425457577,
        0.002486539707824419,
        0.02338063418232357,
        0.004272885225795954
    ],
    [
        0.24777441331360744,
        0.0003671467850125964,
        0.006474762415965268,
        0.0019426127049977997,
        0.0008181515164576688,
        0.6633008281453269,
        0.0010754721746905707,
        0.004021236589749974,
        0.0018902511587690306,
        0.0004781243750343671,
        0.004908229226242937,
        0.03496588292728439,
        0.012331896425457083,
        0.0010307176888952187,
        0.0005322935600395026,
        0.0017149767257638045,
        0.0042010473765613145,
        0.00960741848665668,
        0.0025645384034874968
    ],
    [
        0.0036820420031799302,
        0.8794262504502295,
        0.0019462295708824874,
        0.004157531696883221,
        0.006430610237952292,
        0.003351597747416599,
        0.007921016530293801,
        0.0071589476016623525,
        0.011362691243569908,
        0.011367976663160967,
        0.003403912749127368,
        0.004685986034792751,
        0.001941427717938721,
        0.02429660882597774,
        0.01386336480468148,
        0.003918381866870561,
        0.005532813855277751,
        0.002887924303104013,
        0.0026646860969984807
    ],
    [
        0.008897245341119625,
        0.0032696803028827923,
        0.0019088498654205443,
        0.004317103650466349,
        0.0012932500431412375,
        0.006553008668949867,
        0.005640581474334321,
        0.0019587276820262215,
        0.8685906653603845,
        0.006228564055137514,
        0.003822743832773942,
        0.006336445711568972,
        0.0039272441632562495,
        0.05426837766041582,
        0.009445079748843458,
        0.003402472981127862,
        0.0032766347525164173,
        0.004327280192772452,
        0.0025360445128617425
    ],
    [
        0.00747515263343554,
        0.004676160833478037,
        0.0021982450266529135,
        0.0020612671733734244,
        0.001309952523988444,
        0.006048733384509967,
        0.002788732348232009,
        0.0025568159801252037,
        0.8927690593294756,
        0.007016712754831205,
        0.003077731344987013,
        0.007250668318501077,
        0.00411356873265889,
        0.033334909500794895,
        0.013100876118796016,
        0.0025010267427249115,
        0.0026955901021627994,
        0.003188198791898272,
        0.001836598359373659
    ],
    [
        0.11492702849584756,
        0.0035899656833675493,
        0.047241275927293165,
        0.015543814826361088,
        0.005828900509589792,
        0.4337162370810758,
        0.007392059532025481,
        0.011573696998452444,
        0.027879141317618462,
        0.004552088410035003,
        0.03914208087022573,
        0.10445895986777547,
        0.062238981087818654,
        0.009022593484590702,
        0.00481210551377067,
        0.010541075042632539,
        0.011968992991869067,
        0.06333473446696383,
        0.022236267892686918
    ],
    [
        0.31852847519142796,
        0.0021919990072292923,
        0.024387535864377682,
        0.005719960654547041,
        0.00422366436682344,
        0.33434929266870156,
        0.005483079912297956,
        0.07741064272573034,
        0.006282295631012109,
        0.002130403209633898,
        0.012512109200194379,
        0.12484030370436394,
        0.02726599121834998,
        0.0041125127890156874,
        0.0027555737376241496,
        0.006400908668709842,
        0.021095357260012253,
        0.014703691131716719,
        0.005606203058231769
    ],
    [
        0.1558334173401231,
        0.006227955372713594,
        0.02161799941181678,
        0.010755897798110928,
        0.010327942197451622,
        0.07710712861351586,
        0.009027771936289366,
        0.04229721312118966,
        0.027518453566886206,
        0.016646449483841808,
        0.02236694565920225,
        0.08056709123924569,
        0.32714456750074666,
        0.023696281420025656,
        0.009949018648096613,
        0.017040043740051313,
        0.07068660724788642,
        0.054345054938306304,
        0.016844160764500144
    ],
    [
        0.027673869250827973,
        0.010378910625795856,
        0.024830738749875434,
        0.16463709980437813,
        0.02832444704374606,
        0.04361018758267947,
        0.018194062037797176,
        0.012751694829634687,
        0.013548367982296949,
        0.009131429352696391,
        0.0650605663709333,
        0.03258839234628789,
        0.016920763349020606,
        0.013985809295680059,
        0.0059058706597128734,
        0.021880294624422637,
        0.02853441958579877,
        0.1654314710765338,
        0.2966116054318819
    ],
    [
        0.008087592547391656,
        0.0005983532358058481,
        0.0014508983938812477,
        0.001507690541750067,
        0.0017707948751958975,
        0.0032549756567654352,
        0.0015469161374266104,
        0.007486847951602788,
        0.0008122592938456806,
        0.0008788828071338154,
        0.002161538578829324,
        0.0030344241358089105,
        0.0022396217834696392,
        0.0016771617568199807,
        0.0007471186557625395,
        0.0029526640601142675,
        0.9523802256074106,
        0.004478250293246859,
        0.002933783687738712
    ],
    [
        0.0018553477264325405,
        0.002226465297797141,
        0.0007087028036780887,
        0.0010071580398514255,
        0.0004765570105220774,
        0.0009392522624139786,
        0.0033035193150333215,
        0.0009293982702661998,
        0.005421635476090971,
        0.015480923855439326,
        0.000792618979768199,
        0.0014139409561294732,
        0.0008795044975477401,
        0.010047039692730943,
        0.9499817657745804,
        0.0014602932655321098,
        0.0017439917174120701,
        0.0007931122883015094,
        0.0005387727704723813
    ],
    [
        0.021940783297599156,
        0.005653241082422834,
        0.06114384575573865,
        0.03071292242844526,
        0.04602210323881703,
        0.0351249544872165,
        0.005702654311937852,
        0.013575404937042826,
        0.00468398089959396,
        0.006577096191650649,
        0.1865069630537954,
        0.07349643852568592,
        0.019838932658674206,
        0.0039596350211608,
        0.003926457788059839,
        0.037497166129929656,
        0.02093528999519668,
        0.26118581898777515,
        0.1615163112092576
    ],
    [
        0.6717605332170687,
        0.001409984393003599,
        0.008921001514798754,
        0.01012726623879358,
        0.0030595543223259584,
        0.0981234549301075,
        0.007595385681927648,
        0.013197861393654486,
        0.006866126272736725,
        0.0021735797420084,
        0.014033781960286661,
        0.03532440250782278,
        0.019572180927215813,
        0.006366348948754134,
        0.002629014047253047,
        0.01071030527542194,
        0.050678250843042956,
        0.027230711489275274,
        0.010220256294502074
    ],
    [
        0.0329243782123977,
        0.00081122466832428,
        0.014726550178292764,
        0.0025401713556866008,
        0.0020128724953910396,
        0.8557173952894868,
        0.001303478425309183,
        0.006704964699673559,
        0.002367797094762827,
        0.0005355744790996867,
        0.010673488572294231,
        0.028343286906275904,
        0.004059115288164519,
        0.001436542389894341,
        0.0006284114652411596,
        0.0019325473169758325,
        0.005266179724543168,
        0.018781420850946178,
        0.00923460058724036
    ],
    [
        0.02373013971567602,
        0.004089773394649446,
        0.025216896510514727,
        0.015637321548903398,
        0.017605206669253165,
        0.053744134233402976,
        0.00440789207876585,
        0.008682802506315444,
        0.005381381290023914,
        0.0024475728938010907,
        0.535788312386216,
        0.08717183051313727,
        0.005843767736864689,
        0.0034136631644874123,
        0.003013683374314921,
        0.034080785474602276,
        0.010943372183521066,
        0.07809804892196591,
        0.08070341540358444
    ],
    [
        0.14977977672476755,
        0.005411447568952133,
        0.019120586272513177,
        0.038915163125673245,
        0.011450884807737363,
        0.2190655929677976,
        0.014473821616597302,
        0.014939617807419434,
        0.04059517732602487,
        0.006198127869749362,
        0.09461191698767167,
        0.09856512843189051,
        0.03463165694877896,
        0.018439059588319137,
        0.0068280649877761794,
        0.034261384691798846,
        0.026711976512982686,
        0.11455188047120052,
        0.051448735292349404
    ],
    [
        0.15506129579509967,
        0.0014179228499054503,
        0.022627751820498043,
        0.007395336648461031,
        0.002396749131813455,
        0.5906495929359709,
        0.0035940749243436217,
        0.0060162427726408,
        0.011982876191729372,
        0.001994223851794781,
        0.019045893251195073,
        0.07678142908886414,
        0.032836859071612205,
        0.0043618654074082715,
        0.0021937026306041293,
        0.005316084435243414,
        0.007623480977278879,
        0.03826770246410895,
        0.010436915751427748
    ],
    [
        0.003638179647510744,
        0.8594412838253346,
        0.003286852311125201,
        0.00878034967152452,
        0.010241227273496634,
        0.00397640979985279,
        0.006822541893808739,
        0.004100330590998619,
        0.010724178419608323,
        0.02391552135028439,
        0.006982598534474632,
        0.006790794478938667,
        0.0024133122781776796,
        0.01253913852432631,
        0.014483383537005469,
        0.006197868975271899,
        0.004445777784733018,
        0.005582333379204595,
        0.005637917724323417
    ],
    [
        0.01939476463060346,
        0.006863121417811675,
        0.009741718433731374,
        0.0154792164120049,
        0.044530168753484096,
        0.03297920318804575,
        0.004219148586308441,
        0.009781301490288906,
        0.010607614384913824,
        0.0036572502051132596,
        0.23519687195073863,
        0.037693387469569885,
        0.007257664076360765,
        0.007931028077477005,
        0.003594059298510886,
        0.04001189713566421,
        0.01584727463212747,
        0.11078165992011085,
        0.3844326499371346
    ],
    [
        0.011814522469524252,
        0.00013900224952615313,
        0.004251397509580021,
        0.0006828366611815833,
        0.0003999980436904768,
        0.9466334664861855,
        0.0002662637981116178,
        0.0014754674660895375,
        0.00041176171514830664,
        0.00012647497729966557,
        0.002632319425163174,
        0.021855582366127543,
        0.0020228709887985543,
        0.00022397029030762805,
        0.00013183453637052942,
        0.0004980075182391205,
        0.000919248451617165,
        0.004293056796806317,
        0.0012219182502325686
    ],
    [
        0.04810309220376685,
        0.006771675476096127,
        0.016687238336118647,
        0.020097445739991594,
        0.012034009737029963,
        0.06618073021201105,
        0.005635162491664955,
        0.01645210235421676,
        0.013080766861507139,
        0.006476779718501267,
        0.05728346436704467,
        0.6165533780167726,
        0.016607512744985058,
        0.006568641006971609,
        0.006128647950184609,
        0.02117698631665496,
        0.011895429587010033,
        0.038062147916630686,
        0.01420478896284137
    ],
    [
        0.006188346981095204,
        0.002020614603803786,
        0.005211321202058229,
        0.008789190876406774,
        0.012295046410144542,
        0.012605283643018824,
        0.0015490461569171586,
        0.0024784290584866655,
        0.0027644759753883696,
        0.0013149880764092362,
        0.2428313739319216,
        0.0163251059688075,
        0.002651103727175096,
        0.0019331845220347573,
        0.0011066440056069294,
        0.01289455474815413,
        0.004490732846110742,
        0.10688703752454629,
        0.5556635197419142
    ],
    [
        0.066400886245867,
        0.004269645482755352,
        0.007620736958349221,
        0.008668524911294533,
        0.00567617117351984,
        0.016943154777655275,
        0.018823787919699467,
        0.027799695185677223,
        0.00958606169390648,
        0.0081435681733837,
        0.009392108169350186,
        0.015372307848068166,
        0.011264903099763598,
        0.02617515914382446,
        0.012363622473974819,
        0.018089931939265037,
        0.7091073088203691,
        0.01440928035255386,
        0.00989314563072259
    ],
    [
        0.04934231153646103,
        0.0036957230413032244,
        0.04290087956404461,
        0.020082966897061447,
        0.010706327932578733,
        0.26146520201900925,
        0.005181871533886449,
        0.01091500528921706,
        0.0102518585597184,
        0.003010835920457744,
        0.16697643201124507,
        0.25058473337835496,
        0.01959590308296545,
        0.0042277037825381066,
        0.003250031095529162,
        0.017672814598914195,
        0.00866329301271577,
        0.0785139262761093,
        0.03296218046789011
    ],
    [
        0.09487236386492846,
        0.011870125930903239,
        0.043400304789061,
        0.03361316885043165,
        0.013939348420020384,
        0.06994106002354375,
        0.02430640609279101,
        0.02644382774796735,
        0.0493600242105436,
        0.04384827167371304,
        0.03712033579752786,
        0.07083744046752956,
        0.25005188328741806,
        0.03636067835564354,
        0.025555646782937102,
        0.029986927558350387,
        0.04162886810303741,
        0.06737195070431878,
        0.02949136733933384
    ],
    [
        0.11143422906058421,
        0.0031318336472162607,
        0.027202078564594768,
        0.014370183182789705,
        0.005962001369693002,
        0.14447061868899763,
        0.0074529330338782,
        0.025074606904692175,
        0.007324994037127261,
        0.0034084313465750885,
        0.028717862131372954,
        0.5369384667629461,
        0.024190564187063793,
        0.0038485358413322063,
        0.004303077017292213,
        0.014328013699128134,
        0.011623525902986872,
        0.019270712983852235,
        0.006947331637877263
    ],
    [
        0.003872361999205214,
        0.00726247698992813,
        0.003030956681224401,
        0.006018724334303702,
        0.86413636316896,
        0.005563663673300435,
        0.0022583838257424042,
        0.008818938510656515,
        0.0021261868627137997,
        0.0017767621669405626,
        0.020773189657175412,
        0.007279467646245687,
        0.002223377370517385,
        0.0025208878991560607,
        0.0014133816485740979,
        0.01183597705379671,
        0.008080569323678793,
        0.012114705076397716,
        0.0288936261114828
    ],
    [
        0.033543673212901644,
        0.011024407717144176,
        0.01124829524231334,
        0.02950931572406119,
        0.04905915175728203,
        0.02010010200596617,
        0.01766001058498865,
        0.025932595386601486,
        0.01027277631764482,
        0.014777718792943859,
        0.06033282578441874,
        0.035284367211103854,
        0.014226047769997899,
        0.014428754034962738,
        0.014859417847916162,
        0.46682692439031953,
        0.09073531104178494,
        0.04082701659820902,
        0.039351288579439744
    ],
    [
        0.0011046065151517136,
        0.0018529437547728006,
        0.000784100638253913,
        0.0017218292788634068,
        0.9665124564820157,
        0.0014840896359714474,
        0.0006124596380257651,
        0.003458117282706071,
        0.0005026283891575975,
        0.0005701129633979915,
        0.005119105353979501,
        0.0027885298929591004,
        0.0007836016837465344,
        0.0005385535724351754,
        0.0003873377069929573,
        0.003954248775376642,
        0.0020325369815821304,
        0.00268597093217633,
        0.0031067705224352015
    ],
    [
        0.025826556900158847,
        0.0023488910322190973,
        0.01397747581485702,
        0.006740459022551211,
        0.0120699842937326,
        0.07095962279635089,
        0.002320472530410739,
        0.007451488855055938,
        0.004671765964682728,
        0.0015600546834214195,
        0.5555450366209155,
        0.09106982152820008,
        0.0057982323952351054,
        0.0027264767818332048,
        0.0018134018582748684,
        0.023302020083660408,
        0.009455255417085117,
        0.09378273311039531,
        0.06858025031096006
    ],
    [
        0.08347763721754212,
        0.009639635132430753,
        0.09546505630950568,
        0.14406679123480468,
        0.012004017145680114,
        0.19087633785354827,
        0.03508312154927165,
        0.019142615846373154,
        0.029943595335509287,
        0.011054090824499992,
        0.04940707648201633,
        0.10609075747276663,
        0.04956482001832473,
        0.014517250366934605,
        0.010511251985974215,
        0.017051029388312097,
        0.018927745303444057,
        0.06940169417569118,
        0.033775476357370444
    ],
    [
        0.04252003413680456,
        0.0036303994002344292,
        0.01254799275439651,
        0.017118640378397994,
        0.02330271398874138,
        0.03749616310389722,
        0.005847270104024258,
        0.01760873854100739,
        0.006022197513712466,
        0.00402116502380079,
        0.059864454607206824,
        0.030057978536302828,
        0.014166717549955066,
        0.00807734526189483,
        0.003141733408204235,
        0.031998639789432584,
        0.12944618652217266,
        0.227869661919462,
        0.32526196746035196
    ],
    [
        0.030268012515934733,
        0.004616621163990948,
        0.02186913798756886,
        0.011384587198195347,
        0.03284420895226475,
        0.05627017928832001,
        0.004098693371856726,
        0.015157117867905273,
        0.006555553057302835,
        0.0030647146303548933,
        0.33954681635957806,
        0.06356397269600164,
        0.010125798826497464,
        0.004998667707040515,
        0.0032986051871606243,
        0.04413432069663099,
        0.021008033271857244,
        0.12667415715955802,
        0.20052080206198117
    ],
    [
        0.06935796316252903,
        0.002530583371925359,
        0.014610743307078176,
        0.007658586393851506,
        0.005145139896243035,
        0.03413028073157889,
        0.005010245209907571,
        0.0150452319253809,
        0.01008187826316391,
        0.008935229165922208,
        0.013217347375213856,
        0.03973010746105338,
        0.6865175497455432,
        0.0077802762883157454,
        0.005261365726069562,
        0.011790209898364979,
        0.02437551253662775,
        0.029505369063147668,
        0.009316380478083227
    ],
    [
        0.002191800690929471,
        0.0071734854789029,
        0.0010708833727258388,
        0.00183028321408601,
        0.0007855770368224962,
        0.001373846897129799,
        0.0062306859270772445,
        0.0013778316445807173,
        0.006803807513140655,
        0.020114443749628563,
        0.001242785713641381,
        0.002494439108772434,
        0.0010111223431193456,
        0.007352292059582986,
        0.9335234367565205,
        0.0019801736892581137,
        0.0017291258998195676,
        0.0010316020099072588,
        0.0006823768943545137
    ],
    [
        0.009077997238566286,
        0.02201292525459693,
        0.004170388528117663,
        0.008339720712178436,
        0.00457666544141542,
        0.0050562633871367255,
        0.02578824232892043,
        0.006634429809795876,
        0.017519157186610183,
        0.09729137278501658,
        0.005601551847163535,
        0.007795170613538004,
        0.004611324019325694,
        0.042798951282386075,
        0.7033913993940347,
        0.012614480858959509,
        0.013279509909289163,
        0.005259058846711244,
        0.004181390556237476
    ],
    [
        0.03529983832999301,
        0.01375674272697185,
        0.013543296908686941,
        0.03182180450630435,
        0.050706607403456117,
        0.02488802253669107,
        0.016410427840565754,
        0.036210015934374604,
        0.008258409358766471,
        0.012029725469959215,
        0.08545358254089698,
        0.09986087150068473,
        0.011469195074247299,
        0.008272998110092694,
        0.014042111396843983,
        0.44638351242072927,
        0.04241774081216721,
        0.029982593843713677,
        0.019192503284854764
    ],
    [
        0.022376165949011238,
        0.07490420590094367,
        0.024296598317841298,
        0.22743290907526717,
        0.1817192175627861,
        0.027467146464478273,
        0.051926373788583884,
        0.04129800872494939,
        0.01340996181244863,
        0.024884845819835064,
        0.05215114073013984,
        0.04126246437930937,
        0.01613966813840432,
        0.016316094147524874,
        0.015417279595289823,
        0.045108896716210205,
        0.03548175695959019,
        0.04144591530130662,
        0.046961350616080075
    ],
    [
        0.002243198183674833,
        0.0008793187001139586,
        0.002122936348535943,
        0.003628900024210879,
        0.01047153281607696,
        0.0036146746674748467,
        0.0006633578185158447,
        0.001378365608009327,
        0.0008459555433418565,
        0.000641785584502899,
        0.028992869385271583,
        0.0043560827667530775,
        0.0013327221206324933,
        0.0008060684075883467,
        0.0004469351405469069,
        0.005234531551674749,
        0.0029034051096169084,
        0.03988958217082443,
        0.8895477780526341
    ],
    [
        0.015255163833065973,
        0.0007741908320852794,
        0.006657650612272578,
        0.0030476739777237786,
        0.0020613419286326933,
        0.021287221743198106,
        0.0012992316120226317,
        0.005654548882078661,
        0.0022654654858872076,
        0.0015534682012072509,
        0.004866924918378423,
        0.01908484118066202,
        0.8920773923363389,
        0.0014172733285197849,
        0.00083654362504727,
        0.0022736992109921536,
        0.004230803962178684,
        0.012145805387193407,
        0.003210758942514809
    ],
    [
        0.007079580582678851,
        0.012734032416785859,
        0.005760678503401832,
        0.015219653443788271,
        0.7220397077452283,
        0.009089903907759432,
        0.004025552287157806,
        0.011224037818640592,
        0.004013125125425766,
        0.006112648515836179,
        0.05809805627688333,
        0.023350032796873345,
        0.006234004788510421,
        0.0036247004277506984,
        0.0035181954485719404,
        0.053082528564656846,
        0.009517379834121643,
        0.02258495209273577,
        0.022691229423192984
    ],
    [
        0.03257299723782082,
        0.005988641475903208,
        0.0069698550282181896,
        0.006434152215593668,
        0.01456818304084819,
        0.0203735281521059,
        0.010154499236236113,
        0.401952262439086,
        0.004522554780120372,
        0.002628797514475662,
        0.01033151886694229,
        0.016172744428231065,
        0.0047036980748261445,
        0.008896222016882198,
        0.003872061423137552,
        0.010999060962978514,
        0.4174633705893942,
        0.010911941350102816,
        0.010483911167096972
    ],
    [
        0.002954037510069453,
        0.899127285135633,
        0.003294881901156491,
        0.005908447249473306,
        0.01427703653494571,
        0.0034148722177429016,
        0.005832702003954918,
        0.005048052215638209,
        0.0052356431629091114,
        0.007484840708307646,
        0.006045794826449549,
        0.005041394498996184,
        0.0016528285430259032,
        0.0069414052695799065,
        0.00835986146906721,
        0.005339894819117472,
        0.004407895692423733,
        0.004183518000931889,
        0.005449608240577436
    ],
    [
        0.17264524747046153,
        0.009588947286748906,
        0.0387915940113873,
        0.02014735825561824,
        0.008602103011220863,
        0.26880991872654986,
        0.019851118474838555,
        0.03647248543382163,
        0.08783380834668408,
        0.0095549329797164,
        0.026823111993254163,
        0.12252546700783476,
        0.06348049185011903,
        0.025053127095461095,
        0.014033738066731777,
        0.013600000972026129,
        0.019754265570289097,
        0.028813548908533198,
        0.013618734538703412
    ],
    [
        0.02773276857204,
        0.017573743894257737,
        0.025978281015662946,
        0.01704108684869494,
        0.31839762395618415,
        0.04287616185252511,
        0.008502008835577538,
        0.13542389510843886,
        0.00830926567037636,
        0.007109791830508641,
        0.0491145850581308,
        0.04084426221628178,
        0.019103855859130138,
        0.01057250269493356,
        0.005045413212558649,
        0.02195521819134021,
        0.07541391138829051,
        0.07014804761747624,
        0.09885757617759187
    ],
    [
        0.030706862205604486,
        0.007514626986199989,
        0.020694605698817023,
        0.033570337284901254,
        0.018626452335048425,
        0.05606907029325355,
        0.006272643250931581,
        0.007627326904178843,
        0.02790526423472526,
        0.011801025976171985,
        0.2701521297487704,
        0.12228451845317827,
        0.03826851076344141,
        0.009790982918061379,
        0.007070282316359566,
        0.043626080461044534,
        0.010450516439916712,
        0.20708942364936006,
        0.07047934008003524
    ],
    [
        0.04196681962249149,
        0.0009593596521103224,
        0.01106820170739224,
        0.006416434229847374,
        0.0027109905803213933,
        0.7974138962591576,
        0.0021207978647478473,
        0.006494463870977493,
        0.0030703534862077456,
        0.0007845383089041771,
        0.015938424080634644,
        0.041000657918471385,
        0.008400718956384529,
        0.0018264944142940473,
        0.000742387486144891,
        0.002883573109920524,
        0.006380639222568302,
        0.03780451746593504,
        0.012016731763488872
    ],
    [
        0.049396228818005074,
        0.007628496225926205,
        0.16143260486646843,
        0.018340456958105426,
        0.014454412116890959,
        0.20241206438468548,
        0.006952676995752579,
        0.015283614364699915,
        0.01843822584337247,
        0.005210288545389028,
        0.09235291082657898,
        0.09472861046157573,
        0.020045280837011115,
        0.009263615624391907,
        0.0057099074778497174,
        0.013364400352934997,
        0.015547479801812616,
        0.1336349637130074,
        0.115803761785542
    ],
    [
        0.007917355493057802,
        0.0011582467680443947,
        0.9235148809809542,
        0.0021465203357028907,
        0.0018335101998037766,
        0.015359651567075248,
        0.001576274406529562,
        0.0048584319264842165,
        0.0015051357700996868,
        0.0010761870022989476,
        0.004827912157665702,
        0.010324595048058625,
        0.004501798519752169,
        0.001101211416284643,
        0.0012036480761886818,
        0.0016769425588292024,
        0.003634716998063561,
        0.00719431860320897,
        0.004588662171897921
    ],
    [
        0.011374491224744739,
        0.004367360439086669,
        0.0052347998172276615,
        0.003687749025132783,
        0.012968471955598167,
        0.013422949060531016,
        0.0037751177576618895,
        0.8726599403419101,
        0.0024563888588368843,
        0.0015865384264730855,
        0.00521638010285169,
        0.010238228120750615,
        0.004431845378677389,
        0.003524413120237769,
        0.0015524937223114934,
        0.003472697726513846,
        0.02838345590395151,
        0.006355636758320791,
        0.005291042259182023
    ],
    [
        0.02017915842244412,
        0.00883491150170176,
        0.02080571731947439,
        0.03152314648976103,
        0.35893945751588274,
        0.030043848074917768,
        0.00661987434824473,
        0.028670056623005268,
        0.00544818234923621,
        0.006131967704046872,
        0.12273291881603841,
        0.05320352794056797,
        0.016696867116236358,
        0.00511448070535295,
        0.00400059740399618,
        0.05135272178741175,
        0.02772453580774058,
        0.09435789677924028,
        0.10762013329470062
    ],
    [
        0.04344760626555689,
        0.0013693283512401363,
        0.04493829121591619,
        0.010838156361283404,
        0.004232913822386444,
        0.09758312192300977,
        0.0026999751740720726,
        0.005696374302371932,
        0.0038268755104718852,
        0.002297404457060132,
        0.03245152988335382,
        0.05200167194370534,
        0.036085353703135016,
        0.0027061019428588533,
        0.0015092210868453508,
        0.006325157772778077,
        0.012773894286548697,
        0.5896955960470526,
        0.04952142595035339
    ],
    [
        0.23460264676854498,
        0.009074476976294977,
        0.05125666317478635,
        0.012148658279357896,
        0.01002186769009362,
        0.1999995419187177,
        0.0208217508506529,
        0.15208467661665545,
        0.02830308127342995,
        0.0070545072163317795,
        0.022151075566139825,
        0.09415372564720306,
        0.03678608413615366,
        0.018287321198214482,
        0.013840132146510978,
        0.014935142580452001,
        0.04126190186140108,
        0.021249229493727324,
        0.011967516605332068
    ],
    [
        0.025266013887960247,
        0.0028170085850260894,
        0.005439431883382498,
        0.005778096446766364,
        0.007422962332680026,
        0.012626293470980408,
        0.006157309522784131,
        0.023726996513246466,
        0.004116530504476083,
        0.00390330118461409,
        0.008007946116259806,
        0.009979199219201368,
        0.009408452722207321,
        0.009386857445479976,
        0.0029972610704563593,
        0.00908387079806737,
        0.8212099221813516,
        0.018909723916965084,
        0.013762822198094733
    ],
    [
        0.02256469843047667,
        0.028791375119034613,
        0.019185221369958205,
        0.02127509977490857,
        0.30436666164439463,
        0.03347511546361261,
        0.009371295626134828,
        0.05134405128066443,
        0.012319690980239698,
        0.009260240908512749,
        0.05366080972802579,
        0.031459310526350696,
        0.01451455740085626,
        0.017339004068984407,
        0.006397889106825441,
        0.02377196254012964,
        0.05701217575191219,
        0.07868581534923484,
        0.2052050249297438
    ],
    [
        0.00689774725254444,
        0.0031777116526180123,
        0.007035447066924275,
        0.008357664153761497,
        0.025046460640141696,
        0.01257639220368228,
        0.0016136735564884538,
        0.0034138868803826306,
        0.003171736450507721,
        0.0023793743945625194,
        0.6123217019343613,
        0.034547396500047546,
        0.004188207939667334,
        0.0021031219875718345,
        0.0016344156900803782,
        0.024314743861727946,
        0.005116856841757811,
        0.12022782571970007,
        0.12187563527347221
    ],
    [
        0.29005105333741227,
        0.009787433750533541,
        0.05003556261307965,
        0.018265470898759944,
        0.009571173006541554,
        0.1545384945637091,
        0.03931922746332048,
        0.053012523168220374,
        0.046260370666111314,
        0.009536324269932337,
        0.03060712303081828,
        0.07541987462595283,
        0.02859646765616408,
        0.03192560468630339,
        0.02567189581896574,
        0.0250124724494981,
        0.055485745647677234,
        0.028668221633834434,
        0.018234960713165334
    ],
    [
        0.02716366596011742,
        0.07970963932426459,
        0.01570440012809185,
        0.03681725818034295,
        0.02409687894468414,
        0.02072235946082647,
        0.04611648192166166,
        0.018451044801865255,
        0.05670398714760884,
        0.16609881554006176,
        0.02682713996147273,
        0.02479318335407443,
        0.017118168626021356,
        0.19919050402930272,
        0.06879666323361049,
        0.030870291503292523,
        0.060532766048019805,
        0.04071639548975603,
        0.039570356344925034
    ],
    [
        0.0058726647916796425,
        0.0008821422111777836,
        0.0027005642496830268,
        0.00451265574474291,
        0.0061692938492951144,
        0.011354047154205123,
        0.0008005763883079605,
        0.0018317005366458457,
        0.0019862839632018067,
        0.0009854661095508245,
        0.0635856585878756,
        0.013859590573607382,
        0.0047520567206193005,
        0.0013833297796902308,
        0.0005723169156416455,
        0.006378484118993022,
        0.003907320000425856,
        0.7141134468634733,
        0.1543524014411836
    ],
    [
        0.04991684127604465,
        0.004337988219003072,
        0.02343364362317863,
        0.01732140810405762,
        0.009661651209608295,
        0.0767958933793962,
        0.005358547567680175,
        0.007766794712280905,
        0.021615985977548297,
        0.006046286852400284,
        0.08395078212930936,
        0.05307996422599605,
        0.02336391659841795,
        0.012627207017845988,
        0.004978689984209444,
        0.01875281103220035,
        0.01937702514094356,
        0.36609833794331487,
        0.19551622500656432
    ],
    [
        0.10139027330941866,
        0.002079298578322177,
        0.027818950723678616,
        0.010695561503735214,
        0.004113900845095559,
        0.445175790508821,
        0.004677600010914055,
        0.014059525098442306,
        0.009530916039320885,
        0.002907327094257054,
        0.016335251479015576,
        0.10299141006257524,
        0.18880367795865555,
        0.0044351861851763125,
        0.002218592317694818,
        0.005177585303691255,
        0.010103512818348998,
        0.03813377899218988,
        0.009351861170646727
    ],
    [
        0.010373835262680218,
        0.0014233172587577564,
        0.007668547345776807,
        0.012770691636668146,
        0.011950848746172481,
