[
    [
        0.5679845517340352,
        0.018437342359211455,
        0.054405847294434914,
        0.01637498179588246,
        0.010239504919565804,
        0.014799848577134053,
        0.012067596420640363,
        0.014941517645968492,
        0.03294001835290257,
        0.014436774487783448,
        0.021449889396696013,
        0.011406257455522366,
        0.01633399995893332,
        0.024160046126910494,
        0.11061835672155798,
        0.017203885137729795,
        0.009074003925332011,
        0.007482082725959728,
        0.01027799086397421,
        0.015365504099825567
    ],
    [
        0.002883358014115106,
        0.008836433049362102,
        0.00478801928905231,
        0.02293991186560887,
        0.13465977365090312,
        0.010801077820132406,
        0.013199299299693315,
        0.055369204586221576,
        0.005603004907439552,
        0.0474842804058949,
        0.014689698849607647,
        0.08127011137018016,
        0.023715018567197217,
        0.028206730043081468,
        0.004031510727226648,
        0.0061588316890959765,
        0.010418737260920992,
        0.37980756863782517,
        0.10848236479278367,
        0.03665506517365783
    ],
    [
        0.017794412682502866,
        0.035665173354521344,
        0.012192531239210627,
        0.015172395820400541,
        0.03397996819471619,
        0.013047929731984625,
        0.03898312703459682,
        0.04557779591940459,
        0.02260964166368605,
        0.0557694559161375,
        0.14000856812210427,
        0.03866208870501035,
        0.02240532926018426,
        0.23607580952307664,
        0.026438064905534835,
        0.013921706496101673,
        0.07971621495710675,
        0.02942815598186684,
        0.028740460674352333,
        0.09381116981750089
    ],
    [
        0.003407393714415605,
        0.003398650699852956,
        0.0027262094015738387,
        0.031608618072621934,
        0.2392823075057892,
        0.06521667078915333,
        0.008966485817931275,
        0.044774452754147376,
        0.007376940030773497,
        0.01769909656914546,
        0.00729913371397545,
        0.1924566589616455,
        0.03111469462957002,
        0.017667723079079056,
        0.002207257748711195,
        0.02506849424637718,
        0.006404511738041598,
        0.08354983290279809,
        0.19636308401117944,
        0.013411783613218065
    ],
    [
        0.004029203462272628,
        0.009454433296871853,
        0.004064350071506282,
        0.017018399747806865,
        0.06988846376219733,
        0.014181836032836572,
        0.025295762468089126,
        0.06894727763809436,
        0.013612773943701572,
        0.05213565134337088,
        0.11603661488118684,
        0.17731884942328696,
        0.03935350996609459,
        0.1785524284777692,
        0.004323460927932821,
        0.018935037036596825,
        0.08618483279185014,
        0.020816085347910893,
        0.030259292275031595,
        0.04959173710559275
    ],
    [
        0.0024248438766219663,
        0.005891755925507119,
        0.003958918642188991,
        0.02773350544961604,
        0.11171318271675518,
        0.007507187157095503,
        0.005386501748424974,
        0.08433761289469345,
        0.006043747595382046,
        0.09626945163938758,
        0.02991385139129992,
        0.2182289764710398,
        0.1825515139848,
        0.09599202084029673,
        0.0038683564017238897,
        0.008745059747779308,
        0.021742098832757212,
        0.027535520617059567,
        0.03194512690694932,
        0.0282107671606213
    ],
    [
        0.0004991202573297094,
        0.0005640586210184841,
        0.0003104974671865085,
        0.0008011370172170099,
        0.00449824400390231,
        0.0012407602781699528,
        0.000647536762366392,
        0.9293610417521805,
        0.0006757666426667513,
        0.001740433410839118,
        0.0032655965049696043,
        0.011231846914310496,
        0.009544123645753454,
        0.012036468127215608,
        0.00029003627858798517,
        0.002841690798893004,
        0.0006443995726277046,
        0.0028288946641433525,
        0.01436001236356269,
        0.002618334917059276
    ],
    [
        0.00014706255582997647,
        0.002591258279036936,
        0.00039580871819567805,
        0.0036495713877393973,
        0.003908707651583624,
        0.00048568640346911097,
        0.0012979367687104048,
        0.0011947844900870603,
        0.0011425791415701288,
        0.9353289191149976,
        0.005705142743488637,
        0.0025073151334090455,
        0.0008390309062198336,
        0.00764462938580153,
        0.0003341962998079848,
        0.00027757539777825013,
        0.01076630426990446,
        0.0019237059790332466,
        0.0008932049766455536,
        0.01896658039669137
    ],
    [
        0.00016604073223553192,
        0.000662128880368582,
        0.00015131348875076743,
        0.0008522889209683632,
        0.005583587863957912,
        0.0006106763127336785,
        0.0008331119996732975,
        0.006192583057118041,
        0.0007539779389090676,
        0.007149079287786411,
        0.009159829271342934,
        0.008353228672248672,
        0.0014036278711586285,
        0.9401031185212017,
        0.00017817880741766962,
        0.0005666478396106501,
        0.002473788742819636,
        0.0018555982711382665,
        0.002276671021323287,
        0.010674522499236973
    ],
    [
        0.0004455573428219856,
        0.014670394947324191,
        0.001039056684014571,
        0.005200059890181146,
        0.010862037200121091,
        0.0016851155251889364,
        0.00662845510865843,
        0.005140285989187018,
        0.004011765813837825,
        0.2288836680452483,
        0.042974396067243625,
        0.007247984919865736,
        0.0020180415602323904,
        0.02610337169168505,
        0.0007350391468772747,
        0.0009668675457130555,
        0.03860474552220454,
        0.007634200480169459,
        0.0034365124482680417,
        0.5917124440711572
    ],
    [
        0.8266226160290955,
        0.0053165787304211435,
        0.01742023080472197,
        0.009909606116401631,
        0.005897886326571022,
        0.010924143935584132,
        0.0034907832550944385,
        0.0067498574739998,
        0.016313594282414412,
        0.006863976271532569,
        0.006541505568535463,
        0.005795100503846065,
        0.008295032453706531,
        0.010236756610306678,
        0.029112748176536227,
        0.010628687448136389,
        0.004028331581700355,
        0.0038911783654357094,
        0.005424006411669829,
        0.006537379654290133
    ],
    [
        0.03548567542635624,
        0.03883699637610573,
        0.057863118466584255,
        0.03489896107654371,
        0.050717711658470076,
        0.01664621588949806,
        0.019919437671394438,
        0.04012853405690152,
        0.021697721286606263,
        0.09523321534136482,
        0.05189396317139966,
        0.03886320640839763,
        0.03518407613636338,
        0.08099290536846203,
        0.13157669641993142,
        0.013148005150228693,
        0.07023546504670942,
        0.05370822166523996,
        0.034134064547189556,
        0.07883580883625317
    ],
    [
        0.04987972534546853,
        0.048640942805502095,
        0.031117090973556524,
        0.031102603928468062,
        0.037161072416247706,
        0.01729466979233987,
        0.022864500708574393,
        0.032937814807210045,
        0.030710452687113338,
        0.07459938618573084,
        0.06003231121046753,
        0.031639212827071966,
        0.027538449783903747,
        0.09979265283581733,
        0.1894497073193484,
        0.01377214052755824,
        0.06937563281430956,
        0.03407382200953715,
        0.025960750524977434,
        0.07205706049679717
    ],
    [
        0.00286409552790021,
        0.0259062216991522,
        0.004925600215814055,
        0.009615158301841792,
        0.04126195002303101,
        0.006798099232427697,
        0.031981381210222495,
        0.025219385833475855,
        0.008824840791818927,
        0.08424242794090053,
        0.07559818919431677,
        0.028203609221279253,
        0.00779378429477965,
        0.06669518517940436,
        0.004304071020329604,
        0.004383313781811442,
        0.14305093020141474,
        0.05977830375069647,
        0.022009836303623447,
        0.3465436162757595
    ],
    [
        0.0016559073931436629,
        0.15342188890890415,
        0.00352159007090399,
        0.016969774292975512,
        0.011274526804754622,
        0.005189431084723858,
        0.016241143771380577,
        0.009815385219538786,
        0.04377741491794924,
        0.1346015880688757,
        0.25726593705721623,
        0.010352362496100456,
        0.005104352134374632,
        0.05515772703864107,
        0.0024242799973590327,
        0.003340241768377399,
        0.034338999453880116,
        0.006211053154275791,
        0.004982030734014731,
        0.22435436563261044
    ],
    [
        0.006045598203031907,
        0.025871692842532185,
        0.0076366796431831165,
        0.08196421040936148,
        0.058109875399964796,
        0.01898298588784555,
        0.019155312126671396,
        0.018188526381275088,
        0.03892819646039789,
        0.20299756528811772,
        0.04460384762666049,
        0.04101907263748337,
        0.01816550971510328,
        0.07438227395850891,
        0.011066022573138788,
        0.009932838083655781,
        0.20906438151650827,
        0.02414103381720658,
        0.015989127250240414,
        0.073755250179113
    ],
    [
        0.010308468981602441,
        0.007527066156505232,
        0.014690170710637789,
        0.024739790609087008,
        0.17574663620010103,
        0.04626156513749677,
        0.023155207265285385,
        0.04897880699486158,
        0.01189856637616715,
        0.0362897371308702,
        0.017231889439157294,
        0.0920587056072865,
        0.022167540685305083,
        0.033139631886936395,
        0.006012372645011161,
        0.021479981181338245,
        0.02016115332043324,
        0.18344185600953994,
        0.16029668852981,
        0.0444141651325675
    ],
    [
        0.00035484698347493384,
        0.0012083413994062374,
        0.0008062972037887711,
        0.9636727284019966,
        0.003802669543326534,
        0.00260199562144945,
        0.0008445455332320326,
        0.0011841936387840702,
        0.0033648698474199666,
        0.007368531385162594,
        0.0011712222067983493,
        0.002711990073137351,
        0.0020861686731031342,
        0.0017098330948497216,
        0.0004821871118745234,
        0.0009895583813489123,
        0.0011186718085819183,
        0.001409834297548856,
        0.0012217278164969349,
        0.0018897869782187379
    ],
    [
        0.002944462066016888,
        0.0015377863202303526,
        0.005164813295752936,
        0.002285587101042569,
        0.0011291582594234358,
        0.0006348635956705575,
        0.00090840195391062,
        0.001038684864901007,
        0.0011498965607008517,
        0.0022700720019812734,
        0.001624418267154303,
        0.0011801055035291761,
        0.0018830600984562032,
        0.0021068918177487668,
        0.9693752008098973,
        0.0005964311217585465,
        0.0012662402450291934,
        0.0008416803989273502,
        0.0007950094512784416,
        0.001267236266590344
    ],
    [
        0.003716535643760463,
        0.003951110663078929,
        0.003168404503989132,
        0.013600152631312607,
        0.11385353554241234,
        0.02730304183341009,
        0.0364467660927729,
        0.0755049513257195,
        0.0077475937158551075,
        0.017840437986544923,
        0.02055996434894789,
        0.40789776438587033,
        0.02664410735492351,
        0.0412837425366233,
        0.002398693093722529,
        0.026047842547226342,
        0.010952789664229811,
        0.033482560940186874,
        0.10720135139631697,
        0.020398653793096452
    ],
    [
        0.0011063516948949558,
        0.02403746697127292,
        0.0044709858822135845,
        0.03569000003691764,
        0.024897079288191588,
        0.003955156559051002,
        0.006514716052877063,
        0.010181229074502023,
        0.007734069952287787,
        0.6846321582348454,
        0.02378103269708693,
        0.01532108653290692,
        0.007862909699041363,
        0.02237865137115784,
        0.0023310588785781274,
        0.002303076415438176,
        0.023427241810431303,
        0.017383371665173106,
        0.007566988909282436,
        0.07442536827384975
    ],
    [
        0.0007256193658414773,
        0.008367412912261278,
        0.0010220623357864516,
        0.004883409247678802,
        0.017871833673922814,
        0.004514701306947814,
        0.011322812567915057,
        0.008163229036649814,
        0.00622084312655763,
        0.03161970568707858,
        0.016039090212234895,
        0.009018730224727068,
        0.0018039595452493285,
        0.020816980528840817,
        0.0006509546103227558,
        0.0016136011232220056,
        0.00703077541835674,
        0.017653787033707707,
        0.008648900149148568,
        0.8220115918935504
    ],
    [
        0.0031828629621085693,
        0.007195435300087188,
        0.0031079304106691,
        0.008260893269620113,
        0.04916187670073984,
        0.010844348490691888,
        0.017354344404987274,
        0.41500949303683726,
        0.006178239304373016,
        0.019092934358351427,
        0.032169659058616934,
        0.08846940653194109,
        0.023719298398827905,
        0.0616555840441781,
        0.00233899757877473,
        0.011164019085544721,
        0.005823193281814022,
        0.04738809091116654,
        0.1494884237704024,
        0.0383949691002679
    ],
    [
        0.004243687046033701,
        0.0243018560344763,
        0.009194827477837906,
        0.019796216468838144,
        0.08522357148699769,
        0.011145202766321234,
        0.013706295036757587,
        0.06545150684430699,
        0.0107062588006889,
        0.13090153890121065,
        0.050833166277184094,
        0.05318660950890198,
        0.023379749034510153,
        0.07005544160911162,
        0.005976524226183257,
        0.008209385896312737,
        0.05019551004164193,
        0.13562539556445205,
        0.05092378806339398,
        0.1769434689148391
    ],
    [
        0.0012389755789732507,
        0.01602933106084864,
        0.00255410260223317,
        0.0066955768608366285,
        0.028526477467782602,
        0.0032645833587788132,
        0.016536960147242,
        0.013116600759309401,
        0.0047900501303793745,
        0.12414640749122761,
        0.05205122418190702,
        0.017516677624504293,
        0.0042967155417762675,
        0.051154970891662495,
        0.002170077355226414,
        0.0019579950719074337,
        0.09457255756262191,
        0.034749523651387365,
        0.01093836881849031,
        0.5136928238429052
    ],
    [
        0.9500763396310656,
        0.0008866184218373699,
        0.0035337623090802555,
        0.0019006090742800111,
        0.0025224498331849346,
        0.0032151680161064716,
        0.0013915038095422818,
        0.0030470406062296632,
        0.002057782331439387,
        0.0016960108644476226,
        0.0018566919784998293,
        0.002827049454954009,
        0.0031035446847863715,
        0.0037161713665794043,
        0.006782083662997198,
        0.0037653979455650956,
        0.0011729110545694247,
        0.0016810573837605504,
        0.002952557449437803,
        0.0018152501216363527
    ],
    [
        0.003929720373352734,
        0.004095389814946638,
        0.0021893644081531364,
        0.008935490224201759,
        0.07011044562820587,
        0.022544874726540095,
        0.005043004787848237,
        0.11715923404985981,
        0.0056264180391831665,
        0.013155155134592393,
        0.008279093516140989,
        0.05622077888718135,
        0.023054549679136865,
        0.026861161860537632,
        0.0021173964630859274,
        0.01855551465860609,
        0.004889591056498098,
        0.1273765446083056,
        0.46176616208817367,
        0.018090109995449934
    ],
    [
        0.0001880686017676894,
        0.002888138819150727,
        0.00029864489151950187,
        0.0012861088143791854,
        0.0048301614179136355,
        0.0009370608815555473,
        0.004578051439896393,
        0.0029935184279665373,
        0.0018143911774355522,
        0.01622439272121543,
        0.023020555573039808,
        0.003665140761808747,
        0.0006837648609725165,
        0.016505655911507624,
        0.00020006835080029468,
        0.0005145474967387157,
        0.005882548286966033,
        0.003006448728079688,
        0.001963774987306132,
        0.9085189578499803
    ],
    [
        0.0024536285331538243,
        0.004149287374554045,
        0.0017605327767066757,
        0.004370247340291174,
        0.0118153037798357,
        0.0034055917840113657,
        0.005225280160892394,
        0.01985804630299136,
        0.005661336780434774,
        0.018341262187343492,
        0.04543102873331018,
        0.017603152382109844,
        0.008083324660484326,
        0.7982746129023042,
        0.0023731773020340212,
        0.003986542904636266,
        0.008474789706408546,
        0.005355449252885819,
        0.008111480752961064,
        0.025265924382651114
    ],
    [
        0.0002652121174910309,
        0.00022670684563057066,
        0.00017679881479674373,
        0.0005537911563799547,
        0.012512321069129589,
        0.0014450393350536749,
        0.0006002268264146638,
        0.018108229217803192,
        0.0003073307204222872,
        0.0009852282475941744,
        0.0007303742261282897,
        0.012969735507159576,
        0.001654635449666643,
        0.002397147766512367,
        0.0001428316097450573,
        0.001139107539725701,
        0.00040468261832686075,
        0.019458843439127328,
        0.9243679222503559,
        0.001553835242536443
    ],
    [
        0.004390178439344596,
        0.024839894182472812,
        0.01752984265902183,
        0.6724493290934906,
        0.019852450442317555,
        0.010021781425331956,
        0.00781937564805257,
        0.009576400530627992,
        0.021661732850030906,
        0.07869482055693433,
        0.012778614636739096,
        0.015347317997655499,
        0.019574151142299236,
        0.01606208045145799,
        0.014116169573717665,
        0.0056087093656701,
        0.011420442288106547,
        0.01212353957920703,
        0.00864697480074582,
        0.017486194336775906
    ],
    [
        0.0030852381401725157,
        0.015718142263031986,
        0.0036969530281942484,
        0.007172806444456829,
        0.04424798639170474,
        0.00849139056323726,
        0.029998152713655742,
        0.11947699862318292,
        0.008564980110861892,
        0.03958465137336389,
        0.1583720261382813,
        0.054888583117285915,
        0.013272423636294576,
        0.14938941429158362,
        0.0028662909256666,
        0.008289862428020017,
        0.029266059414317928,
        0.047443323459381626,
        0.049063108666448675,
        0.20711160827085773
    ],
    [
        0.011589003641178734,
        0.03159410221087633,
        0.020145279055601106,
        0.04168321436860478,
        0.06065208831022968,
        0.01832889671310157,
        0.039123152811143716,
        0.030223409659679713,
        0.02278932844201606,
        0.10328026851294961,
        0.06100679286812806,
        0.05330109557814695,
        0.02811111369533463,
        0.06161163137896543,
        0.026470202008095543,
        0.013487508610147582,
        0.2370628168428409,
        0.044716408823801804,
        0.027744655443993703,
        0.06707903102516412
    ],
    [
        0.0001985936439376135,
        0.0030926399560678086,
        0.0003907376166689783,
        0.0007486351612889184,
        0.0010322786932810265,
        0.00035296029568043926,
        0.0014883686258855002,
        0.001980323332922813,
        0.0012609545008023695,
        0.005119506674884425,
        0.952911304956754,
        0.0014752478020545556,
        0.0008728902908563053,
        0.015804087265523396,
        0.00029493787795211986,
        0.0003946226012053003,
        0.002522902743260244,
        0.0005611285284799619,
        0.0006172529451313113,
        0.00888062648736306
    ],
    [
        0.009228280181216344,
        0.0029764565912653047,
        0.002775121598812557,
        0.010115694576597245,
        0.01654007571424042,
        0.17887328261454175,
        0.0036671592030587284,
        0.029486661026734563,
        0.01284300086004489,
        0.005667171262613676,
        0.00528754481176672,
        0.018866128196453516,
        0.01893055245736196,
        0.009720646316457342,
        0.0018176297567493592,
        0.6186510111186554,
        0.002756725218289761,
        0.01009228525830379,
        0.034834845638897605,
        0.006869727597938968
    ],
    [
        0.010196224743860846,
        0.014040516812613766,
        0.015105805415419372,
        0.0808811091528323,
        0.0402128186724387,
        0.024912461876971232,
        0.009780065167643678,
        0.05976299590424277,
        0.0190928535887259,
        0.03458841172236533,
        0.021328252288244767,
        0.06056810225682795,
        0.4331408550486761,
        0.03206284366595011,
        0.012777011468251321,
        0.043617841821478306,
        0.01101899915401938,
        0.02272244617435068,
        0.037034266315441884,
        0.01715611874964562
    ],
    [
        0.000762307038978238,
        0.0002658696737606623,
        0.00023906123146679408,
        0.0008379371017747357,
        0.0010815996125107244,
        0.006902673782221826,
        0.0003053754118100574,
        0.002496732147021149,
        0.0016267957189824464,
        0.0005204192888081074,
        0.0006800727255690581,
        0.0016327053682984485,
        0.0022287211223453425,
        0.0011664206762858837,
        0.0001603814426597885,
        0.9762670778069569,
        0.0002910593931902183,
        0.0004734088653066902,
        0.0014659741953929278,
        0.0005954073966597775
    ],
    [
        0.002019504029285657,
        0.007370236434767873,
        0.0018066455654438477,
        0.008380801530370557,
        0.06811695828918167,
        0.010617669694552221,
        0.010479208457148009,
        0.37141567149563265,
        0.006083635624716466,
        0.02422222744785227,
        0.02801958450861353,
        0.09059319802334881,
        0.01839011597428729,
        0.06902443464053098,
        0.0016207992300894356,
        0.008760131426352376,
        0.006589027589320614,
        0.07001675861663634,
        0.14265565402069919,
        0.05381773740117015
    ],
    [
        0.008710018649064337,
        0.026459342690514174,
        0.024067424560653757,
        0.015886987750940218,
        0.05170558548417722,
        0.013372887281394937,
        0.07844465280489685,
        0.03939430784888162,
        0.016130156920484025,
        0.07609334324842278,
        0.10830730664546062,
        0.044094900130231214,
        0.014705500616893354,
        0.08521370777857756,
        0.010341621994732512,
        0.009971105050722563,
        0.09341130839658672,
        0.05139315891574406,
        0.034967055538944525,
        0.19732962769267695
    ],
    [
        0.0025374194133389928,
        0.005809920283371332,
        0.0034833451189213898,
        0.09572622118381287,
        0.32343484740101797,
        0.04304729293832343,
        0.008235257203990001,
        0.03173590095826881,
        0.010782197092938131,
        0.0507348894906276,
        0.009126312083975715,
        0.10799054972552447,
        0.025197368985752654,
        0.021513531535791705,
        0.002302372069491693,
        0.013303148256848536,
        0.009531518987995919,
        0.12522078351581847,
        0.08541836060204479,
        0.024868763152145555
    ],
    [
        0.003415497302724961,
        0.009833701972980967,
        0.002772178534896781,
        0.01637052758676864,
        0.08830976943762779,
        0.026851094747161453,
        0.01463053232414444,
        0.21313545116868987,
        0.010431547432819729,
        0.025600762740671978,
        0.022833612914135368,
        0.11170824449973851,
        0.031341519305441816,
        0.042874521889817226,
        0.0024849942530131516,
        0.021134794849602886,
        0.008539165709068819,
        0.09822967115093795,
        0.21252582021194824,
        0.03697659196780951
    ],
    [
        0.004286791934556205,
        0.024871665236346714,
        0.007039490099672775,
        0.04582351424660669,
        0.04728675336443898,
        0.012310130053495133,
        0.02234128435331972,
        0.018479822007415197,
        0.021316525834290563,
        0.14282722879763743,
        0.04952349723738559,
        0.041789175207975766,
        0.02010048564173943,
        0.05913443870999412,
        0.009482685657922159,
        0.008862238802789375,
        0.37064289049709387,
        0.02429173904911837,
        0.01542107081320785,
        0.054168572454994006
    ],
    [
        0.009514936035940929,
        0.001961023780010626,
        0.010651937475110895,
        0.002246042880135866,
        0.0014135807705488875,
        0.0009051470606016734,
        0.0013769427542243081,
        0.0017122647797886707,
        0.0017864990351024147,
        0.002642717883154269,
        0.003097048502084625,
        0.0016461547499997352,
        0.002632758292880299,
        0.00376463368389691,
        0.9481147264070919,
        0.000991175590011347,
        0.001573389578127432,
        0.0009642289700157432,
        0.0011033083809040515,
        0.0019014833903691494
    ],
    [
        0.03329970579375457,
        0.008856245855861953,
        0.04818690055366031,
        0.019091211580150626,
        0.008456622500147306,
        0.006056280963100059,
        0.006060708206710111,
        0.008427382990568172,
        0.00916957803551303,
        0.013112375157460079,
        0.009706154445989493,
        0.009307035860057763,
        0.018825096832576067,
        0.012971326114269596,
        0.7548621634327501,
        0.006387346566223345,
        0.00690788665218716,
        0.006075266175885427,
        0.006660781140850145,
        0.007579931142284646
    ],
    [
        0.01152821575598802,
        0.014038505429582251,
        0.012860666920265607,
        0.03465376710548598,
        0.02333443103370812,
        0.015500995778463514,
        0.0104321002747356,
        0.09522049228718038,
        0.023719352876521375,
        0.02976840449208709,
        0.06012817090101388,
        0.05371905283631641,
        0.42204995060954936,
        0.07772934135540331,
        0.010927313007290756,
        0.04404096960442958,
        0.00906596798773485,
        0.009876373106046268,
        0.02187384777995321,
        0.01953208085824431
    ],
    [
        0.08513881135565692,
        0.013854607918008483,
        0.053610923542573734,
        0.035058910931904434,
        0.043567100781507384,
        0.0891000622414353,
        0.02615714821609663,
        0.06141683710625097,
        0.045640127856372274,
        0.027391103883867365,
        0.03547737354315483,
        0.056576660940055035,
        0.05818617305544946,
        0.046232713615275436,
        0.016714434317166387,
        0.18242106769356464,
        0.01785103096695112,
        0.023774503063786284,
        0.05106900319010182,
        0.03076140578082154
    ],
    [
        0.001652483668735426,
        0.0012592419398168209,
        0.0010749939865060294,
        0.005236402059255031,
        0.08144214714779413,
        0.02244763803962622,
        0.0035918557123822956,
        0.03582776278467703,
        0.0024326168993239533,
        0.005407857933086607,
        0.0031826695578101973,
        0.07260924438692572,
        0.010709309862975339,
        0.008740016120978774,
        0.0008132912989990168,
        0.013733132919224492,
        0.0024413242959245435,
        0.06455737015434489,
        0.6565927466356875,
        0.0062478945959261
    ],
    [
        0.0017989767943006427,
        0.0084108865209996,
        0.0024477246709215294,
        0.010456286350284488,
        0.02311036381231993,
        0.007448573926953429,
        0.013607682725767192,
        0.009224955647240062,
        0.012140441498597611,
        0.04494834372907623,
        0.034881357256983665,
        0.019619388221743573,
        0.0056147936787687425,
        0.03396471927371372,
        0.002120437854343822,
        0.004963458929722361,
        0.6992054972241718,
        0.01020177575527827,
        0.007507292035538277,
        0.048327044093274915
    ],
    [
        0.009322266987544577,
        0.002446742064730877,
        0.002633364821247376,
        0.006554674983839787,
        0.013572507447516534,
        0.025472223729660706,
        0.003691859490747046,
        0.04610818101385842,
        0.007991280690033574,
        0.005493220572341472,
        0.008601949103400511,
        0.028118076833119156,
        0.050093873631775136,
        0.016991060833514912,
        0.0023383036058198877,
        0.7326271408967115,
        0.0037186242988760214,
        0.006062646741765259,
        0.02217219754226479,
        0.00598980471123247
    ],
    [
        0.00609237615820119,
        0.03171798514479822,
        0.01042930029166003,
        0.3869235811662624,
        0.01584133593133743,
        0.0378768503234513,
        0.0075103073868623355,
        0.012667039043468073,
        0.32885525665015874,
        0.03761865894717192,
        0.014437056437253026,
        0.012857766292992222,
        0.014191754251998319,
        0.01745532613851266,
        0.00471534801291766,
        0.014398942515075812,
        0.005668882063359527,
        0.008488539926795841,
        0.009803735408777013,
        0.022449957908946244
    ],
    [
        0.9294161275180679,
        0.0015740227369200918,
        0.004970957018395442,
        0.0029709515938722425,
        0.0030350207038624152,
        0.006675068530918995,
        0.0022423601787267557,
        0.004454233308729798,
        0.0041318315317775585,
        0.0020927113884786955,
        0.002509850374911086,
        0.003444376302948112,
        0.004201235258678221,
        0.004041062774062827,
        0.005886400422670294,
        0.008172850527962542,
        0.0012509389688808833,
        0.0022372384761988407,
        0.00427284847121091,
        0.002419913912726696
    ],
    [
        0.0069530537900979895,
        0.1261063583677735,
        0.012545083326349786,
        0.014987518598767513,
        0.020756860597774242,
        0.008581426859163728,
        0.026112882233422476,
        0.020314457016900815,
        0.026893595214523225,
        0.08964123719254359,
        0.15154010426464878,
        0.01724381135378028,
        0.009979255492002527,
        0.08227893434875819,
        0.012356921329609683,
        0.006460639570137322,
        0.1164676914422495,
        0.01969529301497046,
        0.012856344809069314,
        0.2182285311774572
    ],
    [
        0.0010883411027410046,
        0.0009659812313794433,
        0.000502060417889856,
        0.00525972381277697,
        0.005264217772767865,
        0.9305465161403728,
        0.0015834806280925198,
        0.0028922761470646986,
        0.01204741000626889,
        0.002202315676313603,
        0.0014851015836651509,
        0.0042262718456698425,
        0.0017543423022979322,
        0.0025905255202467036,
        0.0003390306922278544,
        0.01700515199269593,
        0.001098722379715953,
        0.0022933099904453138,
        0.004194276083410001,
        0.002660944673957971
    ],
    [
        0.006512500230228,
        0.006560614469701369,
        0.004561391930092981,
        0.008640087993266503,
        0.10511940923744295,
        0.011631953266107421,
        0.015062135503170364,
        0.13835952237086316,
        0.006111681175635613,
        0.02999260008879193,
        0.03677925840412964,
        0.1481878511817235,
        0.032939563756660774,
        0.11733699471754351,
        0.0060306130536979955,
        0.01383499948711776,
        0.04191515700308086,
        0.10051361431668675,
        0.12415668472243414,
        0.045753367091624766
    ],
    [
        0.0006895399805795123,
        0.004862989119003452,
        0.0012327836851860241,
        0.0044808837551031004,
        0.025341745111582777,
        0.0041305095933746065,
        0.006990373828537424,
        0.009426265228370296,
        0.004541533095353977,
        0.04050228898640767,
        0.018090299580501346,
        0.012087757293136395,
        0.0021439756918011825,
        0.021740332293458422,
        0.0006106724847676022,
        0.0017675314774352408,
        0.013008274781244797,
        0.017471569852068942,
        0.008881579617749179,
        0.801999094544338
    ],
    [
        0.0055055897321762024,
        0.014413173962296685,
        0.004535603516853349,
        0.01137434744939349,
        0.08461441920132375,
        0.018466444390932316,
        0.10003254103429059,
        0.04804337330202764,
        0.011413953033556187,
        0.03764497193613153,
        0.036234532769319386,
        0.055597547062987224,
        0.009382188831486202,
        0.07262510265634865,
        0.0044227058651125,
        0.00866619931935246,
        0.023463595981734586,
        0.20352371398438598,
        0.10230274115098578,
        0.1477372548193055
    ],
    [
        0.001189649499383092,
        0.0055364656050892035,
        0.00150907887834529,
        0.003942941262547903,
        0.006721054324382211,
        0.00352445417364765,
        0.8992542267053086,
        0.00410113875392035,
        0.004878955923783317,
        0.007746973370760741,
        0.011147446505215637,
        0.006531981429968345,
        0.0017436863908234014,
        0.008688434390393306,
        0.0012894355361592455,
        0.0017279171472546124,
        0.0056867919009319584,
        0.005384126056914673,
        0.004540281494051383,
        0.014854960651118784
    ],
    [
        0.0014289016181351943,
        0.003742778998527341,
        0.0012345794228229361,
        0.010288822255628638,
        0.002700672702369622,
        0.015698269173090192,
        0.0018279606711210077,
        0.001997618217530102,
        0.9313956940720745,
        0.0044895178371048925,
        0.0031849193404815323,
        0.002200854272932406,
        0.0015153945474865077,
        0.0035184058506055917,
        0.0006253069453818964,
        0.004494650294253358,
        0.001692425403848715,
        0.0013276970237895728,
        0.0016476616674890475,
        0.004987869685326968
    ],
    [
        0.007071759207861672,
        0.006613817458467735,
        0.004590821315790273,
        0.021894243683529272,
        0.0654332653221112,
        0.09959377173369031,
        0.015303305244614231,
        0.09095483736479276,
        0.022020937215759352,
        0.01934707667233384,
        0.021126010759139967,
        0.11501707808911876,
        0.05024018275252442,
        0.042118795783387286,
        0.0031054969608548546,
        0.26674866691018806,
        0.011177652707309705,
        0.026399961286508053,
        0.08899977307958412,
        0.02224254645243408
    ],
    [
        0.0012293482126491493,
        0.00408631585445587,
        0.00194980659561916,
        0.011773727192963589,
        0.3861545852822816,
        0.008008599034819855,
        0.034703589971955225,
        0.016991449674471006,
        0.004536381475888736,
        0.07243067225874629,
        0.017916525306850936,
        0.11752060706264192,
        0.005712225435540843,
        0.03869806516234438,
        0.0014269327722082445,
        0.0032898474269573296,
        0.04425358324500863,
        0.11004509100854336,
        0.03321379110619077,
        0.08605885591986312
    ],
    [
        0.0008221892165572663,
        0.8974311956954237,
        0.0017739143839684696,
        0.004061429960399511,
        0.002114947643900228,
        0.0014274435718492258,
        0.00444782276544432,
        0.00228659071700058,
        0.012073814670530503,
        0.012584697031435667,
        0.02150536192068434,
        0.0019170420039658787,
        0.0014213334574703401,
        0.007004685027267114,
        0.0014999836864645513,
        0.0009828168415079855,
        0.005469083355642486,
        0.0017132359096975452,
        0.0013178359899066448,
        0.018144576150883364
    ],
    [
        0.0022748364020255484,
        0.005648693329358537,
        0.004454298838918571,
        0.8111338535935796,
        0.022831496693819207,
        0.019047670316890756,
        0.00433531177096527,
        0.005840273896515919,
        0.016808194956540675,
        0.03104835717276563,
        0.005123270581266497,
        0.013203546317280017,
        0.00871837504076638,
        0.007875011256364988,
        0.0026932900393012533,
        0.005507660491987334,
        0.006530521769134132,
        0.009466844534749023,
        0.0072938165181333,
        0.010164676479637409
    ],
    [
        0.003977914200161191,
        0.0015492439313685687,
        0.0012357565346236125,
        0.008275652117610784,
        0.014060340143064148,
        0.8670961887938975,
        0.002558530962449471,
        0.006692615507220008,
        0.00920872988428649,
        0.003941411776748871,
        0.0022269822574504826,
        0.009251194688367648,
        0.0040866617040627206,
        0.004940217391383037,
        0.0009440381152871535,
        0.02849531683762809,
        0.0019744742381366614,
        0.008458604685844029,
        0.01638306883015114,
        0.004643057400258254
    ],
    [
        0.002264985962978831,
        0.001312909838438823,
        0.0009885059554334706,
        0.003492493498508795,
        0.05932955884403234,
        0.00984047320436072,
        0.004197086114802674,
        0.19765051964108674,
        0.002256157119792821,
        0.005716402440627052,
        0.0063502162191785595,
        0.20438119290680906,
        0.01833116591017062,
        0.028723933652783917,
        0.0010873656907374402,
        0.013060895242388185,
        0.0029736411847406494,
        0.02591168651824453,
        0.40416954765848195,
        0.007961262396402847
    ],
    [
        0.003813001525694508,
        0.614492915627351,
        0.014236582682886485,
        0.02182387255055117,
        0.01236093119561211,
        0.005397019871624986,
        0.018885973251696386,
        0.013011376535335316,
        0.017751848719042795,
        0.06671305832579787,
        0.05149378259942573,
        0.010731277211880571,
        0.009108614971104307,
        0.02549593403807842,
        0.011480503740571843,
        0.0037714740993505477,
        0.01802558979029139,
        0.013344047807411634,
        0.008313963789876868,
        0.05974823166641604
    ],
    [
        0.1263112480527836,
        0.014575263425960027,
        0.07412757811949146,
        0.08366495199595693,
        0.07000240119218208,
        0.050858183933899584,
        0.021670257196538634,
        0.03326167837676914,
        0.026855568032502858,
        0.04601204370162933,
        0.02096267316770784,
        0.05481494566925929,
        0.048725600721651614,
        0.039608004206057604,
        0.11118587362391533,
        0.02864962264756135,
