[
    [
        0.008348709359465098,
        0.012047454483954348,
        0.02566701933906882,
        0.06192031215916489,
        0.007214465803865438,
        0.024649144469369676,
        0.08437116374535655,
        0.00765932553287545,
        0.04626440444175931,
        0.004700468356638639,
        0.008385162390805957,
        0.025520890742484082,
        0.1745298453897558,
        0.0074883259865978465,
        0.036488576793253714,
        0.011490581240070312,
        0.0030158717281080953,
        0.040022117685356726,
        0.4102161603520492
    ],
    [
        0.005313128329566237,
        0.0048439920934860705,
        0.013989697466389457,
        0.014002629411027352,
        0.006478279114716657,
        0.016299199046778807,
        0.023641072092416178,
        0.0025021135694066193,
        0.008900955192853619,
        0.010595465992054064,
        0.7130808198204409,
        0.024106659376121917,
        0.037526108972323016,
        0.006206465549221194,
        0.04056968087978867,
        0.007308319311261281,
        0.0033439535398472465,
        0.045080417663996245,
        0.016211042578304434
    ],
    [
        0.025374593347749844,
        0.005912576566211986,
        0.12056278259193635,
        0.025325248120920272,
        0.008891386332396093,
        0.029939312367006143,
        0.05803906953115061,
        0.004938364560521797,
        0.04751745099899876,
        0.010268510705870674,
        0.21106461603454746,
        0.10837673651894397,
        0.12831349772826928,
        0.014470976723497212,
        0.06595573086316618,
        0.009276837598668281,
        0.007827239712506715,
        0.04002789788290866,
        0.0779171718147297
    ],
    [
        0.017080127219321766,
        0.025106178742004326,
        0.014729219420295455,
        0.07368349678914343,
        0.013672891021171234,
        0.06999317125908967,
        0.021257115780930876,
        0.00452613460675702,
        0.009312652650539209,
        0.040616174501005894,
        0.05912588304285018,
        0.02817603827961608,
        0.03488145293103544,
        0.00663979700316987,
        0.18064165974083896,
        0.11116325328383952,
        0.043989297233538796,
        0.22268670180236794,
        0.022718754692484286
    ],
    [
        0.11133007300925651,
        0.03130071804581514,
        0.044789853456789715,
        0.09556786347343965,
        0.046817163794576344,
        0.09480729541150916,
        0.05389712049693963,
        0.00951031011197209,
        0.024501590260047848,
        0.013228500562646123,
        0.03491123199250698,
        0.08461514929440195,
        0.10001875504004666,
        0.02860200151690648,
        0.039879076273627134,
        0.018715792365919807,
        0.040589605816949155,
        0.06320705856292237,
        0.06371084051372723
    ],
    [
        0.008698944457289753,
        0.002185883158100605,
        0.031043744794593424,
        0.01875968370035674,
        0.001624351745343627,
        0.01058190471689309,
        0.02087068856690404,
        0.0015261016621267835,
        0.026911141529925835,
        0.0011793013033670544,
        0.0029500055181367066,
        0.019460582726188193,
        0.09655320064616267,
        0.0021471347445198062,
        0.011667126770223251,
        0.0027532631074578054,
        0.0016028609130321492,
        0.008813525990213024,
        0.7306705539491654
    ],
    [
        0.0032160171454157765,
        0.0014566332827302317,
        0.0022508599460860585,
        0.0032170961796508905,
        0.09598437748255652,
        0.0020579973013601528,
        0.011722678755808744,
        0.004244539405765391,
        0.006809174635809246,
        0.004047976466155,
        0.0024943355534704,
        0.002857804537682093,
        0.003727675400715829,
        0.8418680429340797,
        0.003109130520983987,
        0.0015841554024238263,
        0.0021505665667373485,
        0.0031730502375856497,
        0.004027888244983033
    ],
    [
        0.01556957866741614,
        0.0465226730380198,
        0.008745001891741492,
        0.5360895680705239,
        0.00798332791384391,
        0.13740675989565457,
        0.015918359774421898,
        0.0027552695408638145,
        0.00653226432490447,
        0.007057171660433524,
        0.004526048279229364,
        0.02762849454793676,
        0.028944569816654567,
        0.0033182885889802122,
        0.015898413445873873,
        0.034615420985749684,
        0.01788764664752163,
        0.05493252495363431,
        0.02766861795659597
    ],
    [
        0.008076001325764663,
        0.013698674217613059,
        0.014995031167677171,
        0.15196356879424383,
        0.0020809792397680285,
        0.19661829622628477,
        0.01638205247810179,
        0.0007831243908461832,
        0.0047795863579417185,
        0.003624692172491857,
        0.009374502918022151,
        0.35375306076621027,
        0.09896897839426688,
        0.0013464663788247209,
        0.01300553729850702,
        0.0079521248580273,
        0.003801323601043475,
        0.06768055053160632,
        0.03111544888275877
    ],
    [
        0.005859051531553221,
        0.019143520023712654,
        0.00808712764847289,
        0.4108265377476459,
        0.0036459695063172973,
        0.11648097490406335,
        0.01713876953193445,
        0.00208242658591553,
        0.006823837656539492,
        0.00858585346325457,
        0.005858857021207946,
        0.02267112484842625,
        0.03858651459951002,
        0.002008017315242501,
        0.04262290839321021,
        0.06727328641613019,
        0.0061565524206129,
        0.1814597101891074,
        0.03468896019714329
    ],
    [
        0.01178089559674889,
        0.01670740486869078,
        0.011880119892719516,
        0.40605672883566174,
        0.0027570362662129393,
        0.11852050031930315,
        0.027349098529430536,
        0.0012651271144123299,
        0.005432919448151253,
        0.004544760066469581,
        0.011383512402383791,
        0.07270970877882142,
        0.11786260880435588,
        0.00177574884807469,
        0.015389614425937866,
        0.018889630781461775,
        0.005215347909008479,
        0.10732186228141219,
        0.04315737483074326
    ],
    [
        0.0025266212721032615,
        0.8921042458673567,
        0.003812910691603048,
        0.017402474957903306,
        0.002314089560586831,
        0.0137713260589242,
        0.006657703806044876,
        0.0011354132001359857,
        0.0028924764120409367,
        0.0029323758853784325,
        0.0026976537377181517,
        0.009183185800001605,
        0.01094350605655769,
        0.0012454835354735088,
        0.0042906390658711425,
        0.005159529320912173,
        0.0018982330243222138,
        0.011704818232598262,
        0.007327313514467512
    ],
    [
        0.003607188855900862,
        0.012409075731597781,
        0.0017597582839976066,
        0.05324695655894189,
        0.002313975902501475,
        0.014669446858135704,
        0.004712721606680024,
        0.0012707555945740653,
        0.0015368090507944915,
        0.0056177380083045235,
        0.0026380894899713735,
        0.003762432709862988,
        0.00566212161278844,
        0.00100088544811517,
        0.00697563792767135,
        0.8367419459858041,
        0.00894141126005556,
        0.028229904585914394,
        0.004903144528388241
    ],
    [
        0.005350640119645852,
        0.035593058340260414,
        0.011611184754894041,
        0.0774720383639517,
        0.003522036156680531,
        0.5528164438972378,
        0.010240992477554051,
        0.001165463105230585,
        0.005014838251980128,
        0.008122479719125915,
        0.010295980784552041,
        0.08203385013679158,
        0.03567746122668931,
        0.0018085828099483996,
        0.02452442211023885,
        0.011328053886492407,
        0.005684400805582766,
        0.10188053951829619,
        0.015857533534847434
    ],
    [
        0.00825387423647166,
        0.004544031659964481,
        0.007511050283288601,
        0.009541871700982342,
        0.22995154468909398,
        0.007293680585711229,
        0.020583159317097137,
        0.021397052959167554,
        0.016212795908311983,
        0.012902150230077793,
        0.011363741437161075,
        0.007790722917014626,
        0.011264647353863013,
        0.5778711640517734,
        0.01641688007185845,
        0.006204179883340397,
        0.0072083511281988725,
        0.012125355924206138,
        0.011563745662417408
    ],
    [
        0.0035293838841961816,
        0.003033758761168569,
        0.0085510944986746,
        0.012825205907466507,
        0.0026650692494256424,
        0.005776105748831853,
        0.6775688110054527,
        0.0019402536558959856,
        0.13510791532561156,
        0.006218902040623462,
        0.004278207913375258,
        0.013478697203587338,
        0.03547333780759978,
        0.004039601589504617,
        0.01100863709907576,
        0.003800990329678032,
        0.0014547250962242309,
        0.01233587063633515,
        0.05691343224727277
    ],
    [
        0.017106640983515605,
        0.010482726866833136,
        0.017260445986105894,
        0.12521516459839585,
        0.00919442857938924,
        0.05561986342126687,
        0.13686900856871492,
        0.002522671078200093,
        0.013777776317278785,
        0.01849544235921497,
        0.05210909193645576,
        0.09496178939341522,
        0.13126451567811104,
        0.00652221474384881,
        0.03892493084699125,
        0.020299800169017727,
        0.00898627763024529,
        0.18939123572181119,
        0.05099597512118835
    ],
    [
        0.00196481690252439,
        0.0010736619213919962,
        0.003391911129396985,
        0.0026862410207133423,
        0.0009492178205073567,
        0.0029573133230761926,
        0.0026270172861731834,
        0.0004148009120631518,
        0.0012034642966000965,
        0.0013574505515698474,
        0.9459610162440358,
        0.004020050159871817,
        0.005990306637032484,
        0.0008516192169558367,
        0.011155597445180397,
        0.0019335864528838178,
        0.0012498801701536437,
        0.007305559095111985,
        0.0029064894147578187
    ],
    [
        0.030356378906282892,
        0.019447347397630616,
        0.03212978052468651,
        0.04171566288477943,
        0.02591143140051966,
        0.018776922365739874,
        0.11643611378027152,
        0.18135587293573405,
        0.08901581943222835,
        0.018962767427212063,
        0.02788338086845772,
        0.02028708403783427,
        0.06186488053455804,
        0.04754935481064753,
        0.054292612522878175,
        0.05049366958406489,
        0.013442845453100203,
        0.03871683820823452,
        0.1113612369251396
    ],
    [
        0.04924960547237942,
        0.06651613350886024,
        0.04534174829962736,
        0.05707217629328499,
        0.04668938845005445,
        0.03243305974714488,
        0.08913341315859945,
        0.044998125180746716,
        0.06184798083852152,
        0.03244428866029741,
        0.04313466314696347,
        0.03665247494343664,
        0.06691108834222757,
        0.048292458712588034,
        0.05566063941059342,
        0.06074636134321285,
        0.02963719184340635,
        0.052182038322141695,
        0.0810571643259135
    ],
    [
        0.0020766765994251644,
        0.93888560302769,
        0.0022570664924224,
        0.011568435415418004,
        0.001144212390854385,
        0.006805775972372453,
        0.003372019475379352,
        0.000528816853783414,
        0.0015136414382532443,
        0.0012922708822639298,
        0.001269555128478972,
        0.004819136796196475,
        0.005956743011714449,
        0.000614958337434979,
        0.0026012125408350698,
        0.0032384589617845414,
        0.0015248721518063637,
        0.005926638588550351,
        0.0046039059353365965
    ],
    [
        0.01988876418557587,
        0.01891917044780126,
        0.02004722674757222,
        0.2561613819787674,
        0.004637324801069353,
        0.25255395858552915,
        0.01357049117827603,
        0.0019310272093530135,
        0.0078293726274682,
        0.004562426605427009,
        0.008199751303524046,
        0.041991398344219825,
        0.06894937016363797,
        0.002616874924301752,
        0.08502758379745454,
        0.021169804780926435,
        0.015375602730674402,
        0.10249169458708374,
        0.054076775001337694
    ],
    [
        0.0016094171334699976,
        0.0005190428881371524,
        0.0012975972701012182,
        0.001535578189823424,
        0.016524566754246704,
        0.000970765973276723,
        0.006778635668407821,
        0.0035880382176564658,
        0.0050388127114779835,
        0.0018452892352162195,
        0.0015140311031951522,
        0.0013256969847140155,
        0.0020735767484741188,
        0.9474403019896898,
        0.0019495987654642264,
        0.0008941601199205778,
        0.0009363123357412975,
        0.0016201775544828234,
        0.0025384003565041557
    ],
    [
        0.004028935263209224,
        0.0005883691251483754,
        0.9120671201449951,
        0.0016835634355497012,
        0.0003601401418417726,
        0.0018154670553914576,
        0.0029477810883840783,
        0.0002942929197658362,
        0.009679341676768965,
        0.0002869834446006227,
        0.001850969176333934,
        0.008859235036539003,
        0.018658136697212693,
        0.0006026050187446152,
        0.0038972722284030003,
        0.00043048256264456965,
        0.0004906331016773414,
        0.0014615574294941645,
        0.02999711445329569
    ],
    [
        0.024534372528955153,
        0.007671327838319235,
        0.19243162141367606,
        0.01664963855598742,
        0.006011039726788907,
        0.012562387194427614,
        0.044521432193541266,
        0.009504520827473231,
        0.18971979200628744,
        0.004719783089195308,
        0.022817218067497744,
        0.026166425911081446,
        0.09652435089967466,
        0.01239178389313842,
        0.07487550153451691,
        0.007861701277556475,
        0.005460187729544295,
        0.017966624914017047,
        0.22761029039832137
    ],
    [
        0.010269385043129188,
        0.011740145268786336,
        0.017401229920676796,
        0.04340307980820678,
        0.002974476211421115,
        0.15471209441029946,
        0.01235232420784644,
        0.0007903243821380903,
        0.005603390376992081,
        0.00464871062217916,
        0.00920981919068607,
        0.6149658813038595,
        0.04174103173923639,
        0.0018840174759241141,
        0.010664293678190023,
        0.004549169316517603,
        0.0058965675279346865,
        0.030324316639298327,
        0.01686974287667776
    ],
    [
        0.010293264392760933,
        0.010045455587899097,
        0.34650801941190895,
        0.01895385811097735,
        0.004249804957290348,
        0.02597431618930548,
        0.024095182623682702,
        0.003715676138405624,
        0.0437761550300818,
        0.004118895563378431,
        0.0361546817649735,
        0.06727036389854064,
        0.16699727500950792,
        0.005465370240803383,
        0.06974399730884538,
        0.006221077460083093,
        0.003367342940947506,
        0.02617447044059064,
        0.12687479293001722
    ],
    [
        0.02020243070978987,
        0.023493613320676072,
        0.015579456152333537,
        0.08861115196253949,
        0.010860625853488027,
        0.02398670121388835,
        0.07817304219456359,
        0.011882686320809086,
        0.01866997685805728,
        0.020190186919964565,
        0.03252004010027641,
        0.018137321306743247,
        0.06109921071259386,
        0.008750903868866672,
        0.07314709046398053,
        0.3104822997584827,
        0.014040872920340315,
        0.10304668521079881,
        0.06712570415180769
    ],
    [
        0.01608291658261219,
        0.017893574664045033,
        0.056115890695604353,
        0.0294771918068803,
        0.009598402604523989,
        0.04045057195237632,
        0.03442078204396665,
        0.005208945050932907,
        0.01679839029202556,
        0.010310193793817665,
        0.4204818208282147,
        0.08197178284350372,
        0.10182387772245831,
        0.009491319789739888,
        0.03813935490492172,
        0.01236885078108173,
        0.006875194782893669,
        0.052022639276368465,
        0.040468299584032766
    ],
    [
        0.002753040607846949,
        0.004524851538853029,
        0.0017332273615886897,
        0.0884024028593759,
        0.002222800469493294,
        0.012051931927558657,
        0.006914624421570214,
        0.001237269944432438,
        0.001761623036774852,
        0.004624196065593658,
        0.002850736591194348,
        0.0035228933478529435,
        0.007906314479135488,
        0.0010476594103177343,
        0.01424240400030899,
        0.7668675834278645,
        0.004172028818701674,
        0.06576715267767211,
        0.007397259013864465
    ],
    [
        0.003408797511800096,
        0.0014332683241895668,
        0.006995507263243762,
        0.005679967159130035,
        0.0016884801153283315,
        0.006467982591507659,
        0.005941037279224955,
        0.0005730350792790226,
        0.0026139444752197333,
        0.002441800861965767,
        0.8372368170214061,
        0.009558369995210182,
        0.01587741584949923,
        0.001515567706376264,
        0.0662227250094465,
        0.00277955522392006,
        0.0021027609553384225,
        0.020653539412521776,
        0.0068094281653925575
    ],
    [
        0.016177589293308658,
        0.008029061311374684,
        0.10605485551707555,
        0.029838459239621157,
        0.004201325695484094,
        0.05870353881223346,
        0.015874177487697615,
        0.0020404505111498395,
        0.01814763001152585,
        0.005269942629109373,
        0.034601167776604484,
        0.07895095880680983,
        0.09925450554573145,
        0.003857671152912196,
        0.3895167787706309,
        0.008342427797621687,
        0.008158821264717939,
        0.05178185410597613,
        0.06119878427041508
    ],
    [
        0.015149854450435455,
        0.020235142833575918,
        0.00622775059701936,
        0.47984310123521884,
        0.003451152527888713,
        0.161303221938562,
        0.011672620619048014,
        0.0009587059741315197,
        0.0030822814802593346,
        0.004605780472062587,
        0.0075458970373666855,
        0.024875752936595868,
        0.034991132770492886,
        0.0015633253796934145,
        0.022037247747278936,
        0.022315057853847204,
        0.01699921854380939,
        0.14658943032030128,
        0.016553325282412417
    ],
    [
        0.004175696340347111,
        0.001001700378923866,
        0.005785323147689359,
        0.006154273545870752,
        0.0007117268598193522,
        0.004050773590535515,
        0.004900302708783736,
        0.0003919872398303319,
        0.0033744656259214714,
        0.0012323545845178395,
        0.00555481264951638,
        0.0044763605808597505,
        0.013250640156869416,
        0.0007014927644071462,
        0.914202835680827,
        0.0029766101955295567,
        0.002261322249455019,
        0.011861674138889375,
        0.012935647561406962
    ],
    [
        0.004475002549827452,
        0.0012233718643023192,
        0.011025807500236948,
        0.002814946532649814,
        0.0014748511863434466,
        0.0017908030167572832,
        0.025811604238409728,
        0.0017194520378910375,
        0.8920873093178707,
        0.001505049193212318,
        0.0023596034589782565,
        0.00446746739083334,
        0.010405201543076734,
        0.00424467210534924,
        0.005669911197920024,
        0.0012321722828613402,
        0.0011087874020768232,
        0.002616414147530581,
        0.023967573033872522
    ],
    [
        0.013206815198584961,
        0.052694243847092544,
        0.009879684203760147,
        0.4793365626836014,
        0.007149053597495244,
        0.12649594898077074,
        0.03188209146414145,
        0.002614571526470509,
        0.011244299425268304,
        0.013597635017867087,
        0.0049329075121538005,
        0.040901933320954646,
        0.03777308077895842,
        0.0035567568627939295,
        0.01715966540654204,
        0.031181529857906412,
        0.013958734609220542,
        0.06667515761921701,
        0.035759328087200816
    ],
    [
        0.0108316380540669,
        0.026953321610714776,
        0.057139987164976896,
        0.05203438168901589,
        0.007944089114140861,
        0.13597654295302788,
        0.023319323002829056,
        0.00467997309205294,
        0.014214801053530967,
        0.01013467913263794,
        0.13580784707264268,
        0.1067927560164675,
        0.1328732316373992,
        0.005958628207185151,
        0.08204896570952139,
        0.017885151446861144,
        0.0064676256443090075,
        0.1202864512550871,
        0.04865060614353272
    ],
    [
        0.00496372401016808,
        0.00927523426312215,
        0.002506534509348994,
        0.032762823742964096,
        0.0035150613665567263,
        0.011088590927520913,
        0.007744957813649197,
        0.002808190868248074,
        0.0026287642072667858,
        0.010112031684227108,
        0.0041955838489767154,
        0.0045202921911240744,
        0.006913533850200807,
        0.001840741708813094,
        0.008263086112864956,
        0.8470198905079473,
        0.010051248060661055,
        0.023051286159806377,
        0.006738424166533582
    ],
    [
        0.006461088467583163,
        0.0038206977088331186,
        0.2708746213631992,
        0.014068521311972953,
        0.0010427814204211489,
        0.025000123542556568,
        0.010216801199575389,
        0.0006915877462128828,
        0.013103390532532318,
        0.0010808946434675358,
        0.00535644653220583,
        0.17919916166984393,
        0.3075806131181779,
        0.0011459700244256191,
        0.01265904753257986,
        0.001828931585914039,
        0.001365265269354851,
        0.010331754384678095,
        0.1341723019464657
    ],
    [
        0.047899730598975426,
        0.023435258183641637,
        0.03199886819824579,
        0.06998063253011809,
        0.016840304780429492,
        0.02455790723998189,
        0.13021469726432416,
        0.039553009309201914,
        0.06738571059434703,
        0.023375630633713295,
        0.025854910335891584,
        0.025572193072081265,
        0.06997380422171232,
        0.02144664017414313,
        0.05827030628802372,
        0.11697464242613316,
        0.02256920057105576,
        0.051750386825718024,
        0.1323461667522623
    ],
    [
        0.00086630881606354,
        0.00041697226968572383,
        0.001977572478295109,
        0.0027570501180498547,
        0.0003030408698583358,
        0.002083572445266038,
        0.0014872802719489606,
        0.00018448832866850665,
        0.0010208374413425386,
        0.00046081131561580827,
        0.002294236446653081,
        0.0016984405003986427,
        0.005207918964987617,
        0.0002694109301209573,
        0.9656394661378663,
        0.0013910792041914887,
        0.0005573034252601798,
        0.00674042838628505,
        0.004643781649442169
    ],
    [
        0.9145494929089358,
        0.002107686612412125,
        0.010622757330549843,
        0.005554125225222882,
        0.0012573638808943538,
        0.004953558832078522,
        0.003776295198593636,
        0.0005871652665568095,
        0.0032830547848071894,
        0.0009230884657593544,
        0.002879185217439232,
        0.007987509308893881,
        0.00814930266878622,
        0.0013011289212955612,
        0.004539139529476647,
        0.0018125268904875078,
        0.014170502965969861,
        0.0033734875460072703,
        0.008172628445833564
    ],
    [
        0.010425639989065125,
        0.004587017009390035,
        0.011784148466357596,
        0.010419305355889965,
        0.05077395914532311,
        0.00716209560679937,
        0.03648178575050762,
        0.07457696073975059,
        0.05816276547516761,
        0.00991394977671057,
        0.007856390655723567,
        0.00973680656805804,
        0.014860281307011947,
        0.6387494955808912,
        0.011766502313078844,
        0.00623240488545083,
        0.005462302117276409,
        0.00951565292032359,
        0.02153253633722388
    ],
    [
        0.003274705194078572,
        0.007099942560842102,
        0.005138437676735565,
        0.07149916605179796,
        0.0025854433815801947,
        0.09892669163710388,
        0.007018034537556577,
        0.0008692760032413532,
        0.0023772210648663633,
        0.006628430806757313,
        0.018436378248840233,
        0.019578366236168866,
        0.02195703536746919,
        0.0012492446522672843,
        0.05381483106944243,
        0.02778370693720898,
        0.004185421821662257,
        0.6375509826057847,
        0.010026684146596224
    ],
    [
        0.008039772781169517,
        0.009869243180128507,
        0.006987917517491025,
        0.029848777277447298,
        0.011962472168811049,
        0.009813946528032684,
        0.6682948964086413,
        0.007849954875676145,
        0.03467246796482011,
        0.04423312256973393,
        0.010160764189966092,
        0.01182874754241465,
        0.02793012883994759,
        0.013259296154499335,
        0.016842703323776912,
        0.02112622434428931,
        0.005349377872869328,
        0.031082110929338755,
        0.030848075530946355
    ],
    [
        0.0031124281018607147,
        0.005647959682747452,
        0.0018932606985879008,
        0.012377410905848981,
        0.008216059532794473,
        0.006854619323575132,
        0.013016788158922881,
        0.0014813332105655835,
        0.0035155992618269025,
        0.8767652290406839,
        0.004139631598658416,
        0.005021331970121607,
        0.004776690666930966,
        0.0034541177906503057,
        0.006625887718197214,
        0.013845551037625517,
        0.008681477358773032,
        0.016693903694444515,
        0.0038807202471844667
    ],
    [
        0.020919681002082222,
        0.015114821239475771,
        0.01664127504541281,
        0.051851486695140066,
        0.014344024749839148,
        0.04286902489315433,
        0.040243254272744805,
        0.003533825111335129,
        0.015537892945885546,
        0.08734158844573614,
        0.0744744841829584,
        0.034057550243483836,
        0.0399588220633209,
        0.008809814869938334,
        0.25104936858614346,
        0.04306923626255077,
        0.04677900182073179,
        0.1676050653535062,
        0.025799782216560308
    ],
    [
        0.01219885069667579,
        0.0166693708562514,
        0.09597982026445401,
        0.033209945266176155,
        0.00782958115491551,
        0.05198014051606166,
        0.04057498939835455,
        0.00556123597643241,
        0.02556055989739498,
        0.009386883149094227,
        0.1966983554506287,
        0.13030817169603284,
        0.1784524314664245,
        0.008511291728268604,
        0.04544571737829968,
        0.011566059220173962,
        0.004933307845074561,
        0.057344730117730836,
        0.06778855792155562
    ],
    [
        0.0028827242268625996,
        0.002525413493050112,
        0.017266178544930032,
        0.008025112472124703,
        0.0005479127686555405,
        0.02067963236930503,
        0.004349568568411191,
        0.00022039923722532302,
        0.00283768975900825,
        0.0010095943991845083,
        0.0038780119221733214,
        0.8817875670903241,
        0.028886159242795653,
        0.00047045683697651924,
        0.004890912017396721,
        0.0011237779945581403,
        0.0010736931717996983,
        0.007520075373050913,
        0.010025120512167526
    ],
    [
        0.03413004166113925,
        0.010493679375296393,
        0.0052033773237241026,
        0.020684940398142507,
        0.005440815345385712,
        0.01832024118842588,
        0.006460679106813087,
        0.0013362400226123086,
        0.00340389229486119,
        0.006761699561291296,
        0.005350176536513696,
        0.010417115014517456,
        0.008320313731497731,
        0.0026925648442688373,
        0.010225955117234429,
        0.011293821814477105,
        0.8183274016426704,
        0.014416403429696195,
        0.006720641591432343
    ],
    [
        0.007320909397091739,
        0.013020634042462544,
        0.006903014649082873,
        0.02343609617648563,
        0.6739040559272684,
        0.019738013212382353,
        0.02182523362734563,
        0.016873420696975353,
        0.010850975101408276,
        0.032383635026741533,
        0.010069355455870605,
        0.013697132938158128,
        0.013734783535959043,
        0.06440704358439074,
        0.013089790691408722,
        0.012951911391743016,
        0.00956579221244899,
        0.024332517119243946,
        0.011895685213532303
    ],
    [
        0.02169065822749077,
        0.017647553178198903,
        0.03235208646385884,
        0.044835533569795055,
        0.12414775217050227,
        0.032985826398222375,
        0.06313662466194923,
        0.019370931997375582,
        0.027834623939978126,
        0.025960603376461416,
        0.12557800098237243,
        0.039407487745843205,
        0.0664523681113731,
        0.084847822548675,
        0.10129929168003698,
        0.02560272955053879,
        0.014941542846812124,
        0.08209266464028829,
        0.04981589791022745
    ],
    [
        0.010790741898594712,
        0.011401456244459273,
        0.010006074384240842,
        0.18620121495431172,
        0.009824925948027733,
        0.06032492246495133,
        0.039994158556439945,
        0.006551663456770005,
        0.010110725917123836,
        0.016706045691898052,
        0.02146470792665087,
        0.019720825090028864,
        0.054305905245450745,
        0.005872326218245647,
        0.06663631092261994,
        0.1478714199488446,
        0.009987998893013888,
        0.27088224565131636,
        0.041346330587011704
    ],
    [
        0.9778150108691742,
        0.0005047828210503862,
        0.0023920729911005643,
        0.0015280950785353249,
        0.00031864621010249596,
        0.0009202383484245869,
        0.0013672794403241828,
        0.0002060113358327861,
        0.0012271856563112295,
        0.0002271955116686451,
        0.0005927523612629067,
        0.0013400162439063349,
        0.0023397233813544534,
        0.0003803613916041175,
        0.0013081380083417556,
        0.0005685809905000784,
        0.0027402128145903827,
        0.0008377129156891068,
        0.003385983630226312
    ],
    [
        0.004941163313434272,
        0.002357205811154322,
        0.010543302755299796,
        0.011609112348188566,
        0.0018747486179020037,
        0.010681015021492803,
        0.009518190027927689,
        0.0007634614048979887,
        0.0041324804656287075,
        0.003469920395147047,
        0.1514188953006699,
        0.0133343643516971,
        0.030663716986319145,
        0.0016104347121156817,
        0.6692373838059399,
        0.0059888993322071,
        0.003185318647839151,
        0.05031462040248811,
        0.014355766299650824
    ],
    [
        0.008586313385856425,
        0.0036898081591543175,
        0.3617821149615675,
        0.01183091646916793,
        0.001454693396255093,
        0.012439385321681517,
        0.01233112772780261,
        0.0014554352428879267,
        0.0398919888938721,
        0.0012572186053009609,
        0.004430085100087217,
        0.036584072822885456,
        0.10867044105312314,
        0.001959416886127769,
        0.018085829892786186,
        0.0024234086829425364,
        0.0017197752047287847,
        0.008233779533429585,
        0.36317418866034307
    ],
    [
        0.0028765131434738615,
        0.0007795559178751816,
        0.9206171509233602,
        0.0017402386765936568,
        0.00045196475549680044,
        0.002291185054657901,
        0.002899074034228379,
        0.0003384381388056759,
        0.0075583501247026945,
        0.00035070465783779836,
        0.0029391517018478443,
        0.01306471046075436,
        0.019176620278058488,
        0.0007263253753569209,
        0.004017618538178228,
        0.00045614211696920845,
        0.0004836793279570144,
        0.0017421334054770938,
        0.01749044336836851
    ],
    [
        0.008713733077574342,
        0.0007706410760000554,
        0.000773035942106452,
        0.002721264277395476,
        0.0007321271908705056,
        0.0018794895063336675,
        0.0009498613628406302,
        0.00021218228463909704,
        0.000514760367901813,
        0.000758752437041533,
        0.0008634385902155069,
        0.0011356216487479187,
        0.001228246313097091,
        0.00042142360243748123,
        0.0021714342819233964,
        0.0019817572284452733,
        0.9709980710680493,
        0.0020475924223719686,
        0.0011265673220086764
    ],
    [
        0.07266981816728021,
        0.04528067368510982,
        0.1614096485423756,
        0.03928121542483195,
        0.00584383561439869,
        0.028778800990587248,
        0.04925763808105566,
        0.004456850199205984,
        0.049689410823614485,
        0.0058160869630067315,
        0.021011026044697897,
        0.06643193167702005,
        0.171354073869048,
        0.006638744668291193,
        0.04488556065497585,
        0.01129993031811657,
        0.011903364423279578,
        0.029089675295522772,
        0.1749017145575817
    ],
    [
        0.0761431460747848,
        0.030324184456261685,
        0.019626627735267882,
        0.0588401116451533,
        0.056403050426529995,
        0.040037638770878604,
        0.040120476363915435,
        0.008592526882380491,
        0.01947942255983334,
        0.0501023386662338,
        0.029368181162915365,
        0.032304228588563785,
        0.03160358065880618,
        0.0259012931319307,
        0.042409545424652605,
        0.05026237664500593,
        0.30702080988221886,
        0.05300204414560396,
        0.02845841677906333
    ],
    [
        0.013749686904434635,
        0.004698012991589789,
        0.026536136943349123,
        0.016589777621065137,
        0.005564330783670342,
        0.018475355147270948,
        0.019455972977071412,
        0.003019946153763197,
        0.010084266908615339,
        0.008632799677588534,
        0.6781957127259056,
        0.032522309240694956,
        0.03844653977003863,
        0.006179700518874736,
        0.04367809061711622,
        0.01100727995807437,
        0.007251054702486845,
        0.034064047969922254,
        0.021848978388467895
    ],
    [
        0.005472512550834622,
        0.0020077921849628233,
        0.06231914718455052,
        0.009400161748594697,
        0.00044377427170452495,
        0.006555971781174515,
        0.0068282576344872985,
        0.0003998719195921938,
        0.006427445478970989,
        0.00048481004196129025,
        0.002401980907604552,
        0.018555924967195235,
        0.23944851488350416,
        0.0005046694615473105,
        0.00785075333578446,
        0.0014689337640606433,
        0.0007963691540173795,
        0.005334951861654692,
        0.6232981568677981
    ],
    [
        0.0020090649132357818,
        0.0010561073325999204,
        0.004160452320765563,
        0.002849413736028035,
        0.0007744213639152703,
        0.003148256628190263,
        0.0031658155971939043,
        0.00036399190623762734,
        0.0014355905368020547,
        0.0015038722834052039,
        0.9416383881839873,
        0.005413993200119847,
        0.0072109086781921945,
        0.0007454317598642629,
        0.010468696911772837,
        0.001954951291122203,
        0.0011701261875089613,
        0.007516386351122242,
        0.00341413081793645
    ],
    [
        0.08143352455539019,
        0.022147524170283758,
        0.02100914716582804,
        0.0502895015353462,
        0.19700468620649716,
        0.027129611953110932,
        0.0641359194714968,
        0.02301985327759839,
        0.03361913744898839,
        0.039268444544421445,
        0.02049419669170716,
        0.029212751566945812,
        0.0324094768826438,
        0.1188110865920677,
        0.03160660178061814,
        0.032789191938347825,
        0.10214812646022453,
        0.036339312735632755,
        0.037131905022850985
    ],
    [
        0.00864405613107799,
        0.0011285531398373193,
        0.8983229952133219,
        0.0027037206238524655,
        0.0005398740789602564,
        0.0036656135039168473,
        0.0032766671614455735,
        0.0003912055484943151,
        0.006945937773607917,
        0.0004639992533094377,
        0.003618057801512158,
        0.017196951424340367,
        0.021943441993116857,
        0.0007770592946368117,
        0.0054854344279403975,
        0.000717561980305597,
        0.001019839767727209,
        0.002391531776470146,
        0.020767499106126422
    ],
    [
        0.013977650307271924,
        0.009606658068915398,
        0.021321161837283432,
        0.021091948221700352,
        0.13031782874429385,
        0.01897281158885018,
        0.04560331519187341,
        0.08249429354253192,
        0.03944429613938178,
        0.024252464375674094,
        0.033341835080310515,
        0.0225957982874355,
        0.030588729225496117,
        0.39584734697387997,
        0.031116791708157995,
        0.012818404070756182,
        0.009588967721806091,
        0.027757840431473123,
        0.02926185848290817
    ],
    [
        0.005759487187857622,
        0.007210894043509281,
        0.01794355257741312,
        0.02402521205899198,
        0.004112543400170202,
        0.013944669536971361,
        0.5148223523034624,
        0.0017595661689781134,
        0.1069267001555608,
        0.011999775361573747,
        0.009804726852297642,
        0.04370684599759728,
        0.0911156040120049,
        0.004828235357368547,
        0.02855678973069569,
        0.005225067191434124,
        0.0026326252931962103,
        0.03159496031057324,
        0.07403039246034362
    ],
    [
        0.03422166159155217,
        0.015567569095185358,
        0.05246003143519604,
        0.03591007249600684,
        0.03717407425430335,
        0.02405306946584455,
        0.15329709420841572,
        0.01659377373365676,
        0.17375198292705174,
        0.025701296516158545,
        0.033971097316338586,
        0.04428989129573136,
        0.07121198546161439,
        0.07082531208899365,
        0.04779536967527336,
        0.018474100532616482,
        0.014761824004940246,
        0.03604169917269352,
        0.09389809472842729
    ],
    [
        0.010472016296222658,
        0.005269012796917724,
        0.019689694287492933,
        0.03787830499912143,
        0.006404310967454596,
        0.02766521417880227,
        0.023731530857336522,
        0.003653206323534514,
        0.017875357751029573,
        0.005843251705644685,
        0.01519135247802696,
        0.01801588045808707,
        0.06142320283332251,
        0.005673059278770688,
        0.59280471525554,
        0.012952385543269265,
        0.006445641705195829,
        0.06463106938411241,
        0.0643807929001184
    ],
    [
        0.005463827009792235,
        0.01562156343332318,
        0.004505226142813676,
        0.05679830837483722,
