[
    [
        0.01073540172618883,
        0.27891737587718407,
        0.01010912229696537,
        0.05022293107687205,
        0.01382911259250417,
        0.020628031463432638,
        0.015877806606731833,
        0.22147608902943056,
        0.10423133255667072,
        0.017514236567098884,
        0.014151588774047928,
        0.008895850546239065,
        0.05829164869071172,
        0.015467004155293604,
        0.022498964138775043,
        0.104279639188899,
        0.012610792691527001,
        0.020263072021427558
    ],
    [
        0.005338577148519476,
        0.8763003174823193,
        0.0008396058910785955,
        0.014782890516926465,
        0.0015942145752831107,
        0.004172017936145224,
        0.006671548226090805,
        0.01668365063207845,
        0.008443869819125618,
        0.007470890053892773,
        0.00166479249925797,
        0.0016743663638119084,
        0.005151082262087153,
        0.002445992635123404,
        0.012130533186939536,
        0.028627276390468897,
        0.0033667689561073704,
        0.0026416054247437133
    ],
    [
        0.01672551598281559,
        0.0020768927063409995,
        0.0003612207900326393,
        0.002375629697694154,
        0.0003553928281227931,
        0.0008289164584887296,
        0.0010820370113768527,
        0.000660268236140083,
        0.0006333440137591964,
        0.00047923471781445467,
        0.00028761811758249735,
        0.0003697368308228609,
        0.0005767672038204197,
        0.0010884526900546902,
        0.0008099325467809939,
        0.0006831843561394202,
        0.9702519871766959,
        0.00035386863551775666
    ],
    [
        0.022648626064264224,
        0.6752455426285804,
        0.0018532531216749247,
        0.10344701944518345,
        0.0021066770154265497,
        0.014017141166191436,
        0.04102632059114827,
        0.017994095762721214,
        0.012207212224052107,
        0.01462931605250534,
        0.003006994591503044,
        0.0037680271831317764,
        0.009064440504711885,
        0.009146072543452639,
        0.029897706426856942,
        0.0232680301070759,
        0.012465589902352223,
        0.004207934669167684
    ],
    [
        0.002792513950105945,
        0.0067729148148401004,
        0.0005580802408707868,
        0.9223066061953236,
        0.0009577417158431161,
        0.008346371503728038,
        0.01954584328628876,
        0.002848611004655802,
        0.001813341406875176,
        0.007010250983118522,
        0.0005337081939061219,
        0.0024570346771721095,
        0.0014841399656846054,
        0.012169257200459624,
        0.0039386195577862425,
        0.0016353865387562045,
        0.003475844957112826,
        0.0013537338074725027
    ],
    [
        0.0037405504650021926,
        0.012796871329796105,
        0.08069646825974863,
        0.0067657125821157914,
        0.008542653435355407,
        0.009780859403483333,
        0.006380193308589241,
        0.0357526753655572,
        0.058595533101273724,
        0.004710265994518405,
        0.5944280450038967,
        0.008878156418244925,
        0.08681004386799877,
        0.0059817708067725645,
        0.008996296376455652,
        0.03573578195815749,
        0.00379088788179356,
        0.027617234441240136
    ],
    [
        0.008681804673785223,
        0.019601936028823992,
        0.0032491961219917186,
        0.09802721877100207,
        0.002154545117470746,
        0.025921088652957835,
        0.6390444104074164,
        0.009124325775979424,
        0.007000840700955378,
        0.07492308320439918,
        0.003923514731094078,
        0.009712771964911451,
        0.006724369771620565,
        0.05182455102986864,
        0.022050853933012964,
        0.0073189325510645414,
        0.005811367360448851,
        0.0049051892031968854
    ],
    [
        0.002009298626419571,
        0.030476256859558865,
        0.005020598834661007,
        0.00849506911690489,
        0.013027084884412114,
        0.006899923409068961,
        0.0037255914673544927,
        0.5658786956980113,
        0.1274391864985961,
        0.004388257011690542,
        0.013063961295087429,
        0.00540476356972402,
        0.05687500394726077,
        0.003060203047917056,
        0.007896849429328924,
        0.11564649290563321,
        0.0023265494025480602,
        0.028366213995822544
    ],
    [
        0.011685263788120124,
        0.04501207463750454,
        0.05802344823132985,
        0.019667559182439093,
        0.09784592725128037,
        0.023322309364710345,
        0.010268096245026174,
        0.11536381719034063,
        0.14961307419806827,
        0.010378381411402437,
        0.08391175051237205,
        0.017860383073628923,
        0.14280162660234472,
        0.013731160775544898,
        0.01856814675136567,
        0.08938113057172997,
        0.014368006431751306,
        0.07819784378104062
    ],
    [
        0.0011265188123312797,
        0.00800483233402681,
        0.0046660018924186905,
        0.0025054044266408595,
        0.002341108861170751,
        0.004196819085953879,
        0.0010598562812925841,
        0.05399542631551811,
        0.15297167277570037,
        0.0005368712324004682,
        0.01286674918876523,
        0.0025326654070735102,
        0.7037780048349749,
        0.0008554999376560386,
        0.003278856249812447,
        0.024832684577272335,
        0.0013981773513077364,
        0.019052850435683888
    ],
    [
        0.06471295645909379,
        0.06336454448912394,
        0.028620862127207016,
        0.10821467044762814,
        0.02400893304750727,
        0.06422898277568212,
        0.0918128597641532,
        0.05132821783104417,
        0.05365391765963419,
        0.030323691399445817,
        0.03389877452724366,
        0.04281923563118211,
        0.05022535772061751,
        0.04470249550720386,
        0.05730968063637259,
        0.053419776737157566,
        0.09800812744209383,
        0.039346915797609246
    ],
    [
        0.0036150483394776826,
        0.005991162004016479,
        0.0010325461687571622,
        0.02711628761238213,
        0.0004931653561974154,
        0.006965259849592375,
        0.9049408458615912,
        0.00242071605203881,
        0.0019439128397667983,
        0.011922967391989666,
        0.0012120692866230067,
        0.00275334233351884,
        0.002053899693599934,
        0.014033910919503888,
        0.007935876057148333,
        0.002057060090391036,
        0.0022242627368722137,
        0.0012876674065328826
    ],
    [
        0.0010579633326740813,
        0.002302248186091159,
        0.9085076222707202,
        0.0015896797676747398,
        0.002063115688907562,
        0.0018840048271287833,
        0.001205075621972614,
        0.00493000083566466,
        0.008161719052046925,
        0.000809782390122549,
        0.04138066054444459,
        0.0014025156200143066,
        0.012499986189010237,
        0.0021352334294109858,
        0.0012326106710715302,
        0.0038173987204100962,
        0.0015568263937015907,
        0.00346355645893324
    ],
    [
        0.022401004879068903,
        0.06983443842378032,
        0.065720672509478,
        0.026764137364312063,
        0.029542853081573804,
        0.02429451547174138,
        0.014802338670845582,
        0.09787167014063493,
        0.15419896749993336,
        0.009692777632641812,
        0.0830853892727014,
        0.015923049478729617,
        0.17008912844941781,
        0.015669222499840648,
        0.024605643053184533,
        0.09807020632381969,
        0.03127552686170266,
        0.046158458386593555
    ],
    [
        0.0011572710316457443,
        0.006899439194968577,
        0.0031544901108820794,
        0.0032471165017079117,
        0.8670982192802782,
        0.0026230604802887714,
        0.0012316380226321398,
        0.03587824493934517,
        0.022587190218490302,
        0.0018171309345173196,
        0.004672077590083764,
        0.002371468962692687,
        0.011766172208892369,
        0.0016916045108425687,
        0.002107442353712317,
        0.01611648510948325,
        0.0017960666254480083,
        0.013784881924088888
    ],
    [
        0.00010726310644556853,
        0.001914460739792577,
        0.00022874772994752586,
        0.000445580905934882,
        0.0007044580138768561,
        0.000524151161966805,
        0.00015586075264201028,
        0.9102680371849369,
        0.0502829652099226,
        0.00011968974017937677,
        0.0007393741529928194,
        0.0003841001155282169,
        0.01457436646431177,
        0.00011169121941970896,
        0.0005233261551854393,
        0.013725358801725101,
        0.00012438514959477867,
        0.005066183395597095
    ],
    [
        0.0015524384706396635,
        0.010839378225844874,
        0.007476048695294265,
        0.003062662942028449,
        0.0030229515876789696,
        0.007122792129292516,
        0.001601840261153755,
        0.06103944315776269,
        0.1561747046690955,
        0.0009275768241188055,
        0.030799826216163485,
        0.004306732067911652,
        0.6377862364992344,
        0.0012836415435466388,
        0.005620046314077225,
        0.03566979504975668,
        0.0015097570518421432,
        0.030204128294558378
    ],
    [
        0.004471026878735773,
        0.02389471508734003,
        0.014209487535546114,
        0.014931113051304148,
        0.04010216106294006,
        0.03277211506934577,
        0.008040401048212726,
        0.1705468150484513,
        0.11328690114550911,
        0.007888606532472319,
        0.03364296534747452,
        0.049690953388924076,
        0.10334984581476889,
        0.006493839094172049,
        0.02363539134207236,
        0.059981804920027075,
        0.0045181121921375545,
        0.2885437454405661
    ],
    [
        0.007823836365647003,
        0.0166030898309566,
        0.004163676680832487,
        0.02984218904182563,
        0.0019221912118805593,
        0.005052351137627879,
        0.03754867888772123,
        0.005880984891602679,
        0.004501137430387139,
        0.08205966267679739,
        0.00297371970386008,
        0.002266319764340648,
        0.004084706215652858,
        0.7753197403435037,
        0.004641798742344048,
        0.004716360905488332,
        0.008517761265476022,
        0.0020817949040555475
    ],
    [
        0.004539511222252858,
        0.014855557253296655,
        0.0006099178430858708,
        0.7886186130501889,
        0.0006703180338976713,
        0.010896081384013665,
        0.12794053308640685,
        0.003820517185023199,
        0.0023013249273614498,
        0.010370491783657187,
        0.000718541048069872,
        0.0033942221344152746,
        0.002082880048002654,
        0.009050107760233229,
        0.012665239025768896,
        0.0024948329960053123,
        0.003396734157166646,
        0.0015745770611537235
    ],
    [
        0.009824967332240243,
        0.13269564496521175,
        0.013538723416801823,
        0.01756677461871393,
        0.020732196936124783,
        0.011546252622480295,
        0.01168735284864723,
        0.12410915934552273,
        0.10457062316079842,
        0.01927633172265724,
        0.04193260341576453,
        0.006316330204261652,
        0.05396054540178062,
        0.01021921843677118,
        0.01636313499008192,
        0.3764464570690888,
        0.009198802033086243,
        0.020014881479966613
    ],
    [
        0.011478478206619968,
        0.042245429337622785,
        0.006043939815354222,
        0.07903269463721263,
        0.011836610617483407,
        0.015781867962035154,
        0.04435131031575338,
        0.021734456076062156,
        0.013646226127003306,
        0.5665668346408643,
        0.005911875527845728,
        0.008049032904444914,
        0.010130367004782594,
        0.11396309103215167,
        0.01349327295280177,
        0.015404584746663801,
        0.012189455686192048,
        0.008140472409106071
    ],
    [
        0.005993695214025791,
        0.7492246770707433,
        0.0018397848567691078,
        0.023504546248795565,
        0.002962086760522813,
        0.008253048969676298,
        0.008630434080003788,
        0.055282104970496904,
        0.023401432501031407,
        0.007935698726769047,
        0.0037214010308469487,
        0.003105351365340306,
        0.013153117736617618,
        0.004358097140972928,
        0.0142767347901162,
        0.0635686075062094,
        0.005054742592721968,
        0.005734438438340396
    ],
    [
        0.8267621655310149,
        0.01314191945914225,
        0.0016391315958064637,
        0.015542952409981714,
        0.001386627080878944,
        0.01210533977099765,
        0.017171779041096125,
        0.0036319174993915218,
        0.0034953274263512706,
        0.004291789048337631,
        0.0018620565213459644,
        0.004883057079938334,
        0.0035071967563211825,
        0.004947487452097814,
        0.020579698371107617,
        0.004467958679832976,
        0.05793319075468887,
        0.002650405521668986
    ],
    [
        0.004298637386206973,
        0.009891044816009286,
        0.5618752520178337,
        0.005267811788312386,
        0.0034788998435614812,
        0.006627611126502267,
        0.00469277232623845,
        0.01600403502797087,
        0.02987394603627868,
        0.0025071062743362953,
        0.2584433509944225,
        0.004034442879461794,
        0.05193977767637547,
        0.006153278097328136,
        0.004984538395641639,
        0.0157849105692163,
        0.005221152193733507,
        0.008921432550570216
    ],
    [
        0.005141325589221584,
        0.017334411790527162,
        0.07353875413078122,
        0.010639826029072777,
        0.0072143750483864314,
        0.020128501661375194,
        0.006760034746537071,
        0.06135172489691462,
        0.13387045667340433,
        0.002892576272421194,
        0.15552944919402656,
        0.014491184219324013,
        0.37737690160806653,
        0.005496405542249579,
        0.013093358582512149,
        0.03988263556439486,
        0.00642201390498292,
        0.04883606454580182
    ],
    [
        0.06022099291345363,
        0.06019080249308005,
        0.02296904157541833,
        0.11619999065555163,
        0.023980150898668125,
        0.07808172302284291,
        0.12533921034061682,
        0.040279966139993,
        0.03897283883623312,
        0.06187254007108068,
        0.027161860366965853,
        0.04447619605097112,
        0.036562222078558027,
        0.07580411715138119,
        0.05854732591962293,
        0.040786522467545806,
        0.054780580400197405,
        0.03377391861781943
    ],
    [
        0.00415121057418845,
        0.024929761085056783,
        0.01968761381538223,
        0.006550649063335332,
        0.0064661665178887134,
        0.012265705371756157,
        0.004534572063117518,
        0.07887780823209295,
        0.21912403341729345,
        0.002831490681749701,
        0.214050990932429,
        0.0064355795071160985,
        0.20167221096108598,
        0.003277035671723453,
        0.010498105059853132,
        0.15067853985052196,
        0.003964553807424207,
        0.030003973387984967
    ],
    [
        0.007538723620229941,
        0.018791710099730283,
        0.007125293122470183,
        0.05322923124580169,
        0.006059921297381845,
        0.3090681125262102,
        0.02213465790758376,
        0.03163546217823026,
        0.025558328718605198,
        0.006212083189728245,
        0.00836664331821596,
        0.33152677314715695,
        0.035605158574413494,
        0.010948107980965238,
        0.05368376815829695,
        0.013170942256872206,
        0.0071039990335033795,
        0.052241083624604195
    ],
    [
        0.02862541150937184,
        0.09470979731645757,
        0.0031530810472744216,
        0.14133720439811664,
        0.004264801449816962,
        0.017843639353052512,
        0.10706450108957831,
        0.01576939274532462,
        0.009483488643724444,
        0.43980469617228196,
        0.0036129967143887437,
        0.007235508766913285,
        0.007616398334276078,
        0.05499131818922928,
        0.027987856731476052,
        0.013620336999739214,
        0.017480642728648795,
        0.005398927810329158
    ],
    [
        0.012577580448825723,
        0.04686885965982075,
        0.019582986757495518,
        0.015047459884615548,
        0.013532442822571494,
        0.02922382515223915,
        0.01071431024867639,
        0.09343593794219043,
        0.1529832436529563,
        0.005846167254348358,
        0.0737851491975762,
        0.024585320795167454,
        0.2116798042195985,
        0.005632433551095066,
        0.048870155213306135,
        0.1412142064401482,
        0.010194475647856659,
        0.08422564111151204
    ],
    [
        0.020023138081682247,
        0.03353999905083239,
        0.0018723819521882397,
        0.15417591651957926,
        0.002636433067236781,
        0.10255740424762888,
        0.1629281335464524,
        0.012590048293517574,
        0.008319170160911077,
        0.020345794423344606,
        0.002788422193050865,
        0.04408310686812895,
        0.00790203785264972,
        0.009596140702803463,
        0.3880918326004846,
        0.010150441917090977,
        0.009070319590922611,
        0.009329278931495343
    ],
    [
        0.010985479719848399,
        0.012865218984615626,
        0.001787562742121496,
        0.02529364215869996,
        0.00245787637999082,
        0.15701315100901636,
        0.02249500154608017,
        0.009841539665992301,
        0.007962105035484468,
        0.004760970197132268,
        0.0029970658160845985,
        0.24228444482727873,
        0.00879569751652128,
        0.0035136912052684426,
        0.457315581459996,
        0.00825023313932917,
        0.005478352608130443,
        0.015902385988409568
    ],
    [
        0.000422220315560856,
        0.001934697292159379,
        0.001177895676376731,
        0.0012942013122906161,
        0.00219550257385612,
        0.005422776417014678,
        0.0006147345912340403,
        0.01819726711230079,
        0.018912491277213204,
        0.0003473902617090246,
        0.003274693622043975,
        0.011962076333219544,
        0.030737710439079118,
        0.0003815052103189344,
        0.0031793932198077635,
        0.005834867039995889,
        0.0004361479894785282,
        0.8936744293163409
    ],
    [
        0.011416774364455132,
        0.024857157915599642,
        0.022681463197535418,
        0.033270839066795066,
        0.3804452247365987,
        0.040128895475325686,
        0.013286416164985645,
        0.06557694945052496,
        0.05554994653320644,
        0.012427456198432945,
        0.021190781344335465,
        0.06020421675313503,
        0.04881935320255593,
        0.016711454869043196,
        0.02129671702277345,
        0.032195398476456985,
        0.018506675746143442,
        0.1214342794820969
    ],
    [
        0.003985980219532985,
        0.025850880057676374,
        0.02227899593780685,
        0.01229401349890773,
        0.31502531058242284,
        0.01260618786162243,
        0.004437012402290077,
        0.1634516608365952,
        0.16807694522887295,
        0.005216055674151344,
        0.029081052767536128,
        0.008385340610166455,
        0.09069604345254409,
        0.007137074760894876,
        0.007290545478945935,
        0.059344629640587704,
        0.005914945722305879,
        0.05892732526714013
    ],
    [
        0.0015497004345666765,
        0.03782033596440293,
        0.0009714217647133667,
        0.0021790753999120422,
        0.0016052788077580713,
        0.002556051244893566,
        0.0011071845889784812,
        0.05038666086618537,
        0.04174336177418672,
        0.0008039016162888063,
        0.003763908440437775,
        0.001332808837325106,
        0.019248334507925388,
        0.0005665857576006041,
        0.005431891799914521,
        0.8219860864351877,
        0.0012759481788451107,
        0.005671463580877876
    ],
    [
        0.0018747205526784567,
        0.0029936444566953943,
        0.0015977470612261026,
        0.004443986012083125,
        0.0027074740243651215,
        0.043882037073067405,
        0.002411667814855608,
        0.006191119207321899,
        0.006149679206935797,
        0.0009733559803292107,
        0.002386597712490872,
        0.8561450933675276,
        0.00816612942669002,
        0.0011752587270113816,
        0.013542328199230272,
        0.0036071644342435625,
        0.0016587840809060169,
        0.040093212662341976
    ],
    [
        0.0011110457655221582,
        0.005206411992048647,
        0.010235188113302282,
        0.0024889629856280344,
        0.0034172190375443686,
        0.005915659270441096,
        0.0015359125599867433,
        0.039673062665157556,
        0.12258987205363332,
        0.0007927473213334695,
        0.09818183015458444,
        0.005775091857700929,
        0.6047338775684034,
        0.0010667950160559696,
        0.004539977152833011,
        0.026316379038239236,
        0.0012134361104047416,
        0.06520653133718061
    ],
    [
        0.01987297554817984,
        0.04878708867045505,
        0.029128839970172928,
        0.03978025253135066,
        0.23488218283378676,
        0.029752780605240274,
        0.019036062687700566,
        0.09746707010825122,
        0.09266751118006498,
        0.017992766937647696,
        0.038557770882017575,
        0.02795894695277004,
        0.06408982899196453,
        0.018886878834734534,
        0.02540082329192894,
        0.08496555708391355,
        0.036697959072249,
        0.07407470381757188
    ],
    [
        0.03841332762904013,
        0.04296511788559798,
        0.003997456436574939,
        0.312582326211726,
        0.00481989264858261,
        0.020945165420584038,
        0.11783207529638344,
        0.011031738465337467,
        0.00811783720275976,
        0.11044649361746746,
        0.00338664826988927,
        0.006823735240348354,
        0.006714605936652425,
        0.24203308741263452,
        0.015417172398340645,
        0.008777247312231565,
        0.04087753337871678,
        0.004818539237132686
    ],
    [
        0.002366073670125283,
        0.008373697740494266,
        0.005319938843681405,
        0.004498678308725043,
        0.8508222650039574,
        0.004685444488595005,
        0.0016773101254979467,
        0.025353321685275272,
        0.02495655493720772,
        0.0019212254662179613,
        0.006239479351640026,
        0.00380194001654693,
        0.015685795050197238,
        0.0023013979926865304,
        0.003191223490265081,
        0.015735399677074356,
        0.00398102941910637,
        0.01908922473270608
    ],
    [
        0.01165604040809323,
        0.019241743846805083,
        0.006869444163005884,
        0.05132400571181324,
        0.013786502777440705,
        0.45032120544668797,
        0.017405343160216014,
        0.026393024710563002,
        0.023443251937283367,
        0.007653194216088439,
        0.0072601944605427985,
        0.20416404657395848,
        0.024771359748512252,
        0.011403010047648581,
        0.04515153437937934,
        0.013865778251877358,
        0.011031118496902111,
        0.05425920166318222
    ],
    [
        0.09196827151987155,
        0.043379525889484516,
        0.02650576100982466,
        0.06594328027617995,
        0.007625470882211446,
        0.019537077132148705,
        0.03894303018074051,
        0.017340246456318677,
        0.018508681746726145,
        0.016095203163825685,
        0.012440474419055582,
        0.007669387095796936,
        0.018743681262909307,
        0.14085052385663402,
        0.013436081688525758,
        0.015603109879276147,
        0.4373368375753783,
        0.008073355965092123
    ],
    [
        0.000588912732907112,
        0.0022273727641307964,
        0.0014315566616472162,
        0.0013958367333565718,
        0.006117189466949236,
        0.005380883262158868,
        0.0006484905581642341,
        0.015118476692546831,
        0.020416439404806384,
        0.00041629078789956166,
        0.0038919863363878443,
        0.009317642645954069,
        0.023077606194498775,
        0.0004401656846943936,
        0.003098488090079286,
        0.007518606301783175,
        0.0006241158466819329,
        0.8982899398353537
    ],
    [
        0.004009107651369446,
        0.021384903540434836,
        0.00609569980879952,
        0.015220685489284267,
        0.026316960777100697,
        0.04640518762269223,
        0.007859300473477656,
        0.11268597754372515,
        0.07547265223015089,
        0.00645262571392041,
        0.016197833389167984,
        0.08181009836523423,
        0.06247801448307379,
        0.004292072798110481,
        0.036190778405213425,
        0.05271080015496395,
        0.003559692823125138,
        0.420857608730156
    ],
    [
        0.08728681884293764,
        0.0967976519443443,
        0.006277905726905959,
        0.17505258797210108,
        0.007166758110475411,
        0.0546598684322129,
        0.17557400354440292,
        0.020999508861429133,
        0.016696234502217657,
        0.1327941176101794,
        0.007328022421241748,
        0.014602682094899757,
        0.013675013965857744,
        0.06622147538046748,
        0.053885356978191364,
        0.02220074811406661,
        0.03867696051823715,
        0.010104284979831854
    ],
    [
        0.001909080712056238,
        0.004418886362069417,
        0.8833754917298547,
        0.0034005039386195072,
        0.0049051474965335394,
        0.0032698624282692505,
        0.0021470702742907386,
        0.00886663190590832,
        0.014257119289014122,
        0.0016149374281348768,
        0.03033626589841703,
        0.002107523938171127,
        0.01763709560372961,
        0.005314862941477911,
        0.0018731441298745727,
        0.0060680063654779395,
        0.0033049796388919753,
        0.005193389919209155
    ],
    [
        0.003414711404247088,
        0.010540003264580967,
        0.009533702350451879,
        0.0072194746024377586,
        0.7202881210183066,
        0.01020319254707383,
        0.0031196620953680173,
        0.040002042155001416,
        0.04020745109795193,
        0.0033286552620032115,
        0.013116310428998454,
        0.010983297091621675,
        0.02816717061377796,
        0.003622719388259765,
        0.006425392202665055,
        0.02390599932035885,
        0.005022984334016375,
        0.06089911082287913
    ],
    [
        0.004946356246095557,
        0.028306626409656834,
        0.012201766062591267,
        0.013257097045761664,
        0.3646999870581176,
        0.01686181576067978,
        0.005214952060003134,
        0.1527362571454014,
        0.12287470965082453,
        0.006604916150707298,
        0.021385859255037,
        0.01326587648378747,
        0.05825721286880008,
        0.006043274494682691,
        0.010841241369268033,
        0.07290015852959732,
        0.006586885223210043,
        0.08301500818577824
    ],
    [
        0.05881709858576631,
        0.005206066084739704,
        0.0010051705471490141,
        0.005281052209240971,
        0.001063516131814087,
        0.002584511201562543,
        0.002442535645507248,
        0.0017441176533621661,
        0.001765953762686008,
        0.0011574609895808215,
        0.0008089829627633171,
        0.0010664023576936845,
        0.0016044535391915343,
        0.0024565078394284292,
        0.0022766533065775086,
        0.001879240564601439,
        0.9078038231491306,
        0.0010364534692045946
    ],
    [
        0.0011618180729728747,
        0.0027355524267762108,
        0.9243699357042902,
        0.0021181124738379174,
        0.002337704114589721,
        0.0017933038934233737,
        0.0013943200601630194,
        0.005182972428859908,
        0.00829463043206885,
        0.000918411117432313,
        0.02336260265515345,
        0.0011992434144207978,
        0.011907335776696771,
        0.0034754865317739134,
        0.0011134476477104589,
        0.003645327409136863,
        0.0020574969689085487,
        0.0029322988717849162
    ],
    [
        0.002655586064828088,
        0.060023500010490595,
        0.005956014837544337,
        0.009034192793813928,
        0.012255497410349208,
        0.00577277513691923,
        0.004819009584261027,
        0.34218384015223874,
        0.12486781498488513,
        0.00715696502984452,
        0.020615806871477668,
        0.003989335256000788,
        0.05568245539517763,
        0.004060866206714683,
        0.008335878436813772,
        0.3115291629292662,
        0.002758434971018061,
        0.01830286392835638
    ],
    [
        0.01039175928054208,
        0.011067766835716072,
        0.0011100710553306747,
        0.037182246365731295,
        0.0006395167685320982,
        0.004748485033487437,
        0.8549204414385843,
        0.002676612466088461,
        0.0020808243572717393,
        0.02844677693025812,
        0.0012213164500564418,
        0.001997213014893154,
        0.0020032556000952654,
        0.024176962351780937,
        0.007562995743305115,
        0.0026348462076861904,
        0.005957745173498638,
        0.0011811649271420636
    ],
    [
        0.0008249547863617683,
        0.0029570161454319224,
        0.00026970181099415775,
        0.005823951764437939,
        0.0002869851020655016,
        0.0008120034084910374,
        0.011658724033819817,
        0.001005054087619318,
        0.0006268337812662058,
        0.965277388590751,
        0.0003186494900210439,
        0.0004455780369755085,
        0.000511881029718595,
        0.006116657853379499,
        0.0011827027625866803,
        0.0008594086692398933,
        0.0006669908831406384,
        0.0003555177636994476
    ],
    [
        0.021369655076898336,
        0.047067428145595155,
        0.12238367283620549,
        0.08084546400627429,
        0.041938753990833674,
        0.058629005508823,
        0.03338236839381825,
        0.06481755921734307,
        0.0665832215945881,
        0.025467102770353182,
        0.0406761002252296,
        0.02934990425011075,
        0.07212529994181231,
        0.16406008167195732,
        0.021471350586683025,
        0.0323519180806976,
        0.03646500258668043,
        0.04101611111609643
    ],
    [
        0.009812442624609292,
        0.013909239944361778,
        0.0006433767058953206,
        0.2330939954518114,
        0.0006954013405216614,
        0.014437503335586476,
        0.6598773933198037,
        0.003039701321295447,
        0.0021079981402265424,
        0.017215211160891353,
        0.0007959482354239167,
        0.003844232590034826,
        0.0019140720388972873,
        0.009480857777269694,
        0.02045345224728916,
        0.002577454532572721,
        0.00454414865053995,
        0.0015575705829694723
    ],
    [
        0.09788022150547489,
        0.13889024851804,
        0.008936340117687137,
        0.048277312948972,
        0.011032381745272424,
        0.047949983931195955,
        0.04938738238550134,
        0.05073301610911429,
        0.046512055258037824,
        0.02154537410627124,
        0.019765201596231696,
        0.02748741262730521,
        0.038855681576707,
        0.0116435244599699,
        0.19864767273050396,
        0.10986962517891642,
        0.04385786599752651,
        0.028728699207272227
    ],
    [
        0.001472987215085391,
        0.008717479569043094,
        0.01902636100612477,
        0.0024287033872739086,
        0.0076968219574054695,
        0.0034549798184969906,
        0.001368969475036549,
        0.06775406366774869,
        0.263240681873123,
        0.0010167753593872354,
        0.23617628718162129,
        0.0025834199815334556,
        0.280069413634901,
        0.001349076295154906,
        0.0030290163556731483,
        0.07545415749980025,
        0.0018990905555532466,
        0.023261715167037563
    ],
    [
        0.0070541970572796505,
        0.013522226376585738,
        0.334909036308918,
        0.010446460598918416,
        0.01792069318866944,
        0.0214832889729425,
        0.007692644664755937,
        0.0359970874973227,
        0.06282842400829314,
        0.004497262817378038,
        0.22417256660738094,
        0.022232944383243303,
        0.12031255737262712,
        0.00918533632017853,
        0.012415899841656534,
        0.026223566030346875,
        0.008739736488426771,
        0.060366071465076485
    ],
    [
        0.022578195462792654,
        0.03499183436651434,
        0.0024260653303045474,
        0.06461875011404336,
        0.002060355909841336,
        0.01463382146875587,
        0.5235290765787685,
        0.00838194641967392,
        0.006004618271971256,
        0.22239785160950323,
        0.0032408318923183776,
        0.006592492254556427,
        0.005346395782051095,
        0.028462193294157914,
        0.03186786632113326,
        0.008988383392017863,
        0.010085412469712824,
        0.0037939090618833745
    ],
    [
        0.004495015073140468,
        0.020605719730925773,
        0.012277448513962102,
        0.019431535787151875,
        0.679526658109953,
        0.010327296518206611,
        0.0060565832374759355,
        0.0672327637835154,
        0.041848269702822696,
        0.008851426943454857,
        0.010730595400972326,
        0.009186477755814233,
        0.027285412536458144,
        0.011634847972620111,
        0.006935593281686066,
        0.02501031060551741,
        0.008589853292185515,
        0.029974191754137333
    ],
    [
        0.015265064749676085,
        0.020710471599559185,
        0.0015594652990508228,
        0.804071223322488,
        0.0020568824169515565,
        0.016088599891385277,
        0.04303035025093455,
        0.006054256903427253,
        0.004456814618478815,
        0.009844691713771237,
        0.0014337827668685515,
        0.004492445877332509,
        0.003896846144856057,
        0.02894352964227637,
        0.009369778934027472,
        0.0041836207939908955,
        0.02164972095272489,
        0.002892454122200492
    ],
    [
        0.012782293274742337,
        0.03334818988937111,
        0.0026264935788231475,
        0.015322388382193824,
        0.003060117121594264,
        0.049436617112368,
        0.015479931195995819,
        0.020794840001357607,
        0.017015779810785118,
        0.0060148087074066,
        0.006395436138894975,
        0.0376447994383387,
        0.018611321924904653,
        0.0032978674128680747,
        0.7057914392128664,
        0.026601112551148727,
        0.005139519984481932,
        0.020637044261858684
    ],
    [
        0.0009503881941768819,
        0.002345782323162067,
        0.9109826995760705,
        0.001504111035028663,
        0.0033524145052717786,
        0.0016763094441481351,
        0.0009230660603722393,
        0.006106737616029562,
        0.010916551945126092,
        0.0006749437629606128,
        0.03067242553703198,
        0.0012691425617991931,
        0.01595540732821208,
        0.0017721472760596272,
        0.0010640526409213561,
        0.004139133943075554,
        0.0016137593775331083,
        0.004080926873020341
    ],
    [
        0.001996519943071578,
        0.03518787861510293,
        0.0038493717717696576,
        0.007933721921107095,
        0.03802524498921556,
        0.005139125839542928,
        0.002380358447267542,
        0.6187595911992568,
        0.11468249206300132,
        0.002948023538539412,
        0.007229976849823186,
        0.0035277680875709034,
        0.04153589622194436,
        0.0027227799153196645,
        0.004796492435776382,
        0.08391796513870749,
        0.002853009739402004,
        0.02251378328358119
    ],
    [
        0.6846366414146904,
        0.04619109076856483,
        0.0038668391867434457,
        0.013949130453273012,
        0.002703659966582293,
        0.011133656769925315,
        0.01026687184878739,
        0.009210956173010501,
        0.010281448795665076,
        0.004245699112059563,
        0.005053503854015025,
        0.003991069413802836,
        0.009442330092550449,
        0.005315476112713266,
        0.01784117000448504,
        0.016050379771371935,
        0.14129971692870177,
        0.004520359333057923
    ],
    [
        0.09070757867718215,
        0.04434192241956512,
        0.13564838972304477,
        0.04933392218476768,
        0.020982492376735527,
        0.03851283234994995,
        0.036766299943049266,
        0.03205405413217409,
        0.04232626313191295,
        0.017739213050899368,
        0.04749156063042719,
        0.018997341855962694,
        0.04781882631541297,
        0.07799983093761435,
        0.023404057143984965,
        0.03142020496206239,
        0.2217129031229597,
        0.022742307042294862
    ],
    [
        0.0032257663325766135,
        0.04915538929268572,
        0.0022920077214043273,
        0.0069793516111716246,
        0.005480022614329231,
        0.010092398498611129,
        0.0031806536562466584,
        0.17730476263844436,
        0.1267372050745724,
        0.0019300318287976117,
        0.008909980607632605,
        0.006740990216362017,
        0.07241037713433426,
        0.001433440885255617,
        0.020726226026150072,
        0.46016041436775107,
        0.002795261348059226,
        0.0404457201456155
    ],
    [
        0.005793423960184788,
        0.01679531242038067,
        0.000837480559117357,
        0.012675443520272554,
        0.0016621024478361865,
        0.03953799146152138,
        0.0071972613298861236,
        0.010584762815907945,
        0.00702799514841021,
        0.002571747987373274,
        0.0016557522307073975,
        0.02851720704173821,
        0.006561103186052199,
        0.0014111934268573056,
        0.8337403287504962,
        0.01003475709182835,
        0.0028455272527548245,
        0.010550609368675126
    ],
    [
        0.3269763075075632,
        0.21965054479235502,
        0.005771939812579141,
        0.04587056636376152,
        0.006391660901499272,
        0.016065537120417143,
        0.024757348464764867,
        0.02132053798953238,
        0.019792699522658535,
        0.015129234938001397,
        0.007324150407321597,
        0.005641997620109417,
        0.01541303859336885,
        0.015577207274602833,
        0.025823308580613612,
        0.03533770163369212,
        0.18584066936174146,
        0.007315549115417634
    ],
    [
        0.04719243661228771,
        0.06225345856593842,
        0.06470876122647094,
        0.0676206089515264,
        0.0222034333010035,
        0.08886963518217673,
        0.059548698436233775,
        0.061676848955649864,
        0.06512710609060444,
        0.03438573335613864,
        0.05279550718418766,
        0.048766957408747785,
        0.06720054024128845,
        0.05984869479721392,
        0.05403990863895985,
        0.05054563542503959,
        0.04957236262036094,
        0.04364367300617139
    ],
    [
        0.02283711939938716,
        0.12629746028322647,
        0.022271160677326873,
        0.033503407636155634,
        0.034238491372339426,
        0.03378086101433196,
        0.02551939403954401,
        0.11076012001380056,
        0.09995681489957692,
        0.03933931385530314,
        0.05191744969956693,
        0.019288872470513887,
        0.07169946996399452,
        0.019698812822271056,
        0.04644382137100092,
        0.1818412150227599,
        0.016813951487689185,
        0.04379226397121135
    ],
    [
