[
    [
        0.012292203360998885,
        0.01244556046342791,
        0.03243438698954116,
        0.04321661897352851,
        0.057696744378942094,
        0.03472626787275982,
        0.04389643103823595,
        0.019701061476121013,
        0.025290848645725426,
        0.048907900051025355,
        0.017111551383042857,
        0.02243039148094423,
        0.051205169752914566,
        0.044631198857547495,
        0.06788619384550304,
        0.032724876964432235,
        0.027111203216121493,
        0.3404211121215303,
        0.06587027912765767
    ],
    [
        0.009670231705562362,
        0.014168824045493451,
        0.013549674651744696,
        0.4424677135150652,
        0.023374879218388548,
        0.017470281048534833,
        0.01873920020302951,
        0.01487891579466195,
        0.018302026964380467,
        0.03147041530322797,
        0.01254200804068383,
        0.027173416116968788,
        0.019209661979289614,
        0.08222016330358246,
        0.029616349928285962,
        0.03075794833070651,
        0.009206548684230953,
        0.03403863800031821,
        0.15114310316584462
    ],
    [
        0.006560458194906917,
        0.023805373088823526,
        0.01033018289902168,
        0.00969745751568931,
        0.6578901357567655,
        0.0159584628234415,
        0.01516692384147476,
        0.021030423988391105,
        0.008382098224650003,
        0.0066947475517755645,
        0.009307295979566909,
        0.004702603306831781,
        0.010696740699412377,
        0.005871547878541163,
        0.14339118494605554,
        0.005334805924442441,
        0.014494485838037197,
        0.012257924046674496,
        0.01842714749549826
    ],
    [
        0.016264008356332585,
        0.056467303104845455,
        0.032370893159802315,
        0.030193998710644886,
        0.12607043644091948,
        0.05526803144078927,
        0.0388029107631786,
        0.041573860212230376,
        0.031504119664141815,
        0.02971931401095165,
        0.025595854913796016,
        0.02209004227101321,
        0.05174733129180288,
        0.03491245187476516,
        0.0939266559750403,
        0.062448945796386865,
        0.06781519407096648,
        0.07707714198123213,
        0.1061515059611605
    ],
    [
        0.025123982126908247,
        0.005919961321752917,
        0.07298384883659112,
        0.010750934113995293,
        0.012710243381595673,
        0.053164033903448475,
        0.04624186323130349,
        0.036098618754737716,
        0.15760512430724274,
        0.13851521137603878,
        0.04030961623358151,
        0.19037924512034407,
        0.02643401813933142,
        0.08073322131807496,
        0.00718150876811149,
        0.022880366970143343,
        0.023937839809105632,
        0.03759546859557773,
        0.011434893692115346
    ],
    [
        0.007646886492748711,
        0.01002594893828612,
        0.010301757892486088,
        0.010517493142948033,
        0.5905991073171759,
        0.011034276566186451,
        0.020681884463871272,
        0.01454327662711951,
        0.006775648966846797,
        0.007031906301101443,
        0.006590894987286327,
        0.004011412297786707,
        0.009035032011216635,
        0.004713144435135971,
        0.2512200565426065,
        0.00299839226456942,
        0.007163309203907374,
        0.0120622590552489,
        0.013047312493471984
    ],
    [
        0.346395529364591,
        0.00523345328598148,
        0.15430706096863678,
        0.0031377313470928796,
        0.008429570584218138,
        0.057123166639024864,
        0.11249064351311122,
        0.09754854615696323,
        0.04958478971564383,
        0.04847792545271799,
        0.01589653982367378,
        0.020671044918084417,
        0.03418375157261695,
        0.009542905297667022,
        0.005507101329767801,
        0.0054802406956791306,
        0.014154785108638865,
        0.004237860314880785,
        0.007597353911009822
    ],
    [
        0.07905441034903746,
        0.007754413460593502,
        0.035809891846953594,
        0.011500639178705755,
        0.010914223061683246,
        0.06514269062752329,
        0.07523608706570288,
        0.05152579518013416,
        0.05962078877351257,
        0.026159444833985183,
        0.44141514042431185,
        0.039587763352425774,
        0.016581019279073673,
        0.020379469298397256,
        0.009135351767594311,
        0.013554177968263538,
        0.016546956800377984,
        0.009155836974508901,
        0.010925899757215023
    ],
    [
        0.02487028797127278,
        0.011157013564738447,
        0.04327560529432855,
        0.049643123876643026,
        0.10714339281466351,
        0.03796322829636984,
        0.06852511512573069,
        0.032894613942522404,
        0.038262835516958395,
        0.07869701666521019,
        0.01992510882386934,
        0.02962545440695704,
        0.05364680767467526,
        0.053907730414774445,
        0.10610951636679308,
        0.02648294865446278,
        0.02100663453373638,
        0.1552378526151938,
        0.041625713441100054
    ],
    [
        0.020425210258574623,
        0.005160713489107002,
        0.03215584554411554,
        0.05168646064434743,
        0.028510787570202718,
        0.03309940015742757,
        0.05027773959885638,
        0.021823808741332443,
        0.04099571847180688,
        0.1592364454836531,
        0.014071410571584292,
        0.05055391770293539,
        0.04497822483904893,
        0.18615479685392902,
        0.028566925187877523,
        0.05260527967250497,
        0.011388425957101489,
        0.12582861880589435,
        0.04248027044970035
    ],
    [
        0.004092209955959339,
        0.003747976799221819,
        0.003928132827137753,
        0.003830098045941296,
        0.8673864330603195,
        0.004932946172407517,
        0.008072193195105486,
        0.008718876746480317,
        0.003821649116901567,
        0.0037208072876376112,
        0.0020619350880661646,
        0.0021609775522388464,
        0.004073688205840984,
        0.0028885437265743713,
        0.061003123388457946,
        0.002084118458224043,
        0.0025406247912318344,
        0.004788342352853745,
        0.006147323229399999
    ],
    [
        0.006867232494326719,
        0.003975040683059596,
        0.018393536760947186,
        0.010745953138895783,
        0.006401939662032407,
        0.03839793625870554,
        0.01616749891460019,
        0.021887531585084972,
        0.09675965580466069,
        0.06843507639652222,
        0.02979330513740024,
        0.1399745020510239,
        0.015838204112852798,
        0.4228895678319866,
        0.004116764512515098,
        0.06013907730507241,
        0.01215148632651113,
        0.013556223431208577,
        0.01350946759259388
    ],
    [
        0.0008070104588681352,
        0.00026963190591126006,
        0.0014176255125446676,
        0.0003149194914602124,
        0.0003061376698001941,
        0.0037065733322879093,
        0.0012268273912350743,
        0.0023807816213297405,
        0.0024186020500694696,
        0.0010051372664699773,
        0.9807536346382284,
        0.0012254169726283503,
        0.0007975397741200968,
        0.0008423496533210064,
        0.00024963035352875107,
        0.000533979976180217,
        0.001165023789713114,
        0.00022906471167278756,
        0.0003501134306304488
    ],
    [
        0.20449090938729692,
        0.007865927194824932,
        0.09298343139774992,
        0.007031646878026084,
        0.019271694169341397,
        0.06433358602073928,
        0.1454464351948359,
        0.050529627346495326,
        0.08188804173084359,
        0.07250175321547425,
        0.022423319642965477,
        0.04996008749012896,
        0.044832971869712655,
        0.026057299658204854,
        0.01237325189025743,
        0.02824409986826399,
        0.02647067465763536,
        0.029377718344113138,
        0.013917524043090424
    ],
    [
        0.014130466567770077,
        0.0026285864849822094,
        0.16562698681353036,
        0.0013281337201938455,
        0.003718169816392736,
        0.39185398883036315,
        0.07842264284807572,
        0.03209776095671703,
        0.054245507641499185,
        0.03681350357436087,
        0.016604194166665334,
        0.014344571265689289,
        0.07671415360889627,
        0.008406458935414581,
        0.002464227016562833,
        0.013251903642744646,
        0.07613008573736393,
        0.005345982130472778,
        0.005872676242305055
    ],
    [
        0.0042865747904716365,
        0.0007239335158574034,
        0.0492417984330308,
        0.0010476027538138105,
        0.001077138604859124,
        0.020714829748375966,
        0.019675636246295047,
        0.00702611447961865,
        0.023478712137468594,
        0.8020824282143432,
        0.0031226145131623886,
        0.019429954596983563,
        0.022188317666841824,
        0.01291513037639079,
        0.000819321379455944,
        0.0030161275265256486,
        0.0033374046542005665,
        0.001881187617560178,
        0.003935172744744814
    ],
    [
        0.004740975663401156,
        0.0008116771169660821,
        0.013720142963903253,
        0.0026796831157319136,
        0.0016789159545765424,
        0.011923498086844281,
        0.009500929472458595,
        0.006944993539396516,
        0.0198741591288834,
        0.7776395542305501,
        0.0037574733985501763,
        0.022708499135906765,
        0.02465315976682964,
        0.07662483719695397,
        0.0015633498761090043,
        0.010644079301230252,
        0.002858600793588729,
        0.0027866100720276604,
        0.004888861186091996
    ],
    [
        0.01533368529519053,
        0.004329674701478627,
        0.026119882290245117,
        0.0047894362546592175,
        0.0056487659100813116,
        0.042333982285836354,
        0.02291133627324663,
        0.029045177453816743,
        0.061581609847328564,
        0.01720614195793486,
        0.6678997063277946,
        0.03991414265579879,
        0.008396109573548631,
        0.014707327477919384,
        0.0034270720903362482,
        0.007653100385555069,
        0.0171859003747594,
        0.00690511023753966,
        0.00461183860693033
    ],
    [
        0.01838249691550125,
        0.00130075660992289,
        0.04065488742852163,
        0.0022695510705463186,
        0.002097998518466537,
        0.026206234302833906,
        0.028062757500146123,
        0.013943447568248576,
        0.1467304999641508,
        0.26671804872327715,
        0.010507409950498292,
        0.3654914499551418,
        0.011835554816142985,
        0.04165450353533108,
        0.0013930689099220155,
        0.009076446953307853,
        0.005098975474162644,
        0.004843559392258754,
        0.003732352411619427
    ],
    [
        0.010011650172174648,
        0.002645551307950988,
        0.022377955951790266,
        0.004083465603115403,
        0.0031521849213694453,
        0.021149760880641983,
        0.01624040938788367,
        0.013184434718845405,
        0.09197465253894671,
        0.05250507026917276,
        0.013570473675643221,
        0.6465795024902288,
        0.007794627866270064,
        0.05702575464651856,
        0.001817768625199862,
        0.012788363293035183,
        0.00718301386871396,
        0.009825805279941173,
        0.00608955450255785
    ],
    [
        0.015124810066445204,
        0.004238614457880634,
        0.03147681912336055,
        0.012743683870999011,
        0.009744747187053975,
        0.043696520696151195,
        0.039473054593076755,
        0.024014891836905132,
        0.03133946745599239,
        0.23179382879223573,
        0.009768783861345538,
        0.024585342602395956,
        0.24318543081818556,
        0.10396157657782447,
        0.012871237897829933,
        0.08082491002872169,
        0.011472214127420442,
        0.011080287419808125,
        0.058603778586367714
    ],
    [
        0.1779390487260688,
        0.007483551049611556,
        0.06643264967406456,
        0.006489851094282213,
        0.00950436811521723,
        0.08014045338832745,
        0.07930008220222498,
        0.06308264222929046,
        0.09487394661376605,
        0.031120816413814964,
        0.2238555594717879,
        0.060721882308793794,
        0.017705608330274587,
        0.017981561124835854,
        0.006326833886489611,
        0.013546242176205951,
        0.024974935381555534,
        0.010253444720461026,
        0.008266523092927606
    ],
    [
        0.1003885782011953,
        0.008692923082189866,
        0.10723703111980801,
        0.007392860510311993,
        0.012843333918500623,
        0.09260450552487971,
        0.11947526003933943,
        0.05496139338380956,
        0.13205334985092862,
        0.05991577676052283,
        0.050446486868686864,
        0.11611956507634431,
        0.02385493902104475,
        0.028451143343695154,
        0.007083348784499357,
        0.017187132456869782,
        0.02736261554645828,
        0.021074193417947223,
        0.01285556309296828
    ],
    [
        0.0051101290004536715,
        0.8639840424969576,
        0.006348292421019923,
        0.0033754290596578617,
        0.013460650659360918,
        0.009966841012569115,
        0.006533545266351053,
        0.01739965195381792,
        0.006151836590229983,
        0.003935085851013656,
        0.005379464992737373,
        0.003917807746680675,
        0.006731920308312163,
        0.003705896799820352,
        0.007904028316541089,
        0.004643258538950004,
        0.012303668159235635,
        0.0026212348677106465,
        0.01652721595858032
    ],
    [
        0.12188871133418656,
        0.026778348551540012,
        0.0719595995731104,
        0.029144431862241565,
        0.021486087973802824,
        0.07267335652899747,
        0.14748115383487875,
        0.05972921661124092,
        0.05453067780121268,
        0.05385660467013555,
        0.08123476205819563,
        0.04824465843714846,
        0.045677375898629,
        0.03128458511441329,
        0.02383209570383469,
        0.019490800856171858,
        0.027890177244684608,
        0.017398609552940168,
        0.04541874639263557
    ],
    [
        0.009881801762030495,
        0.003170695264482423,
        0.01280245584288702,
        0.0064716050562779156,
        0.00369907287034745,
        0.02049621952227535,
        0.013057759585956993,
        0.016333334953562574,
        0.09480378000789955,
        0.0395636717522166,
        0.017005602434543583,
        0.5404382933315238,
        0.007476795413399102,
        0.15846284357407003,
        0.0022567720062537412,
        0.03263451122694282,
        0.006023264089633435,
        0.0075062563279886885,
        0.007915264977708343
    ],
    [
        0.0013694213089535724,
        0.0015821053714389396,
        0.0013198814900131299,
        0.0057603503054259615,
        0.061680807316811616,
        0.001970344013634602,
        0.002543634996789174,
        0.0026078997929909267,
        0.0012932464209710962,
        0.001477062071635961,
        0.001361607673926356,
        0.0008501352834693444,
        0.0020363561666612373,
        0.0015489513835690134,
        0.9042981644695546,
        0.0012618071764643889,
        0.001118838849025104,
        0.002088250822868679,
        0.003831135085796491
    ],
    [
        0.017487739526704012,
        0.015778732228570368,
        0.11423381478954132,
        0.0034533263661547437,
        0.00830490980157428,
        0.11987884355409381,
        0.03303920325818664,
        0.05725372258530391,
        0.06927886240990176,
        0.024784825534115904,
        0.07679863542268404,
        0.03286003166961174,
        0.02613700489266902,
        0.012529219716958919,
        0.004454656779394041,
        0.011512083948064484,
        0.35317301657238526,
        0.009476846589135918,
        0.009564524354949798
    ],
    [
        0.01967937608424757,
        0.007794578022445491,
        0.023904436064128644,
        0.0023046913540438925,
        0.00935108250391323,
        0.1037552460484762,
        0.022512688076709194,
        0.6153599892689563,
        0.03456571641183874,
        0.01062332729321483,
        0.07076192181992155,
        0.008257772687947473,
        0.017489999820634795,
        0.006416789685790968,
        0.005376899827281607,
        0.006885534810368155,
        0.027301953948045944,
        0.0020882485763286866,
        0.005569747695706745
    ],
    [
        0.010543040777139906,
        0.0025290124881156084,
        0.06871243531728062,
        0.0033440584893908313,
        0.003154755236796836,
        0.030819630297212977,
        0.03181879019788454,
        0.012591001012767344,
        0.030650539708922963,
        0.5853637339630948,
        0.005569536557258795,
        0.03424106661842802,
        0.09753518202086243,
        0.03408321353930103,
        0.002757955904081967,
        0.013322248848287617,
        0.009962807483792805,
        0.006696319653690431,
        0.01630467188569036
    ],
    [
        0.2503080213794478,
        0.007567168265105684,
        0.12430360331719241,
        0.004474264584034467,
        0.010110425292175644,
        0.0650337827684955,
        0.17538547386250009,
        0.043366066461862064,
        0.08631757122409622,
        0.037472871074025846,
        0.036720247925525085,
        0.05807391864460779,
        0.019204492481935263,
        0.013727513765164125,
        0.005686320832943473,
        0.010389289571680754,
        0.02581567948256156,
        0.017448043421193382,
        0.008595245645452774
    ],
    [
        0.020987791221584222,
        0.0020923581464588445,
        0.05566157131860985,
        0.0017498874591859212,
        0.0032403562694041472,
        0.07206755853226726,
        0.034680163031467925,
        0.03045044236151108,
        0.4825502855872751,
        0.053469694638969,
        0.024617142599366298,
        0.14160748450603197,
        0.012604775582257527,
        0.021270635698183965,
        0.0017027538278409353,
        0.015470054412458696,
        0.015607882951502923,
        0.006646954096786491,
        0.003522207758837712
    ],
    [
        0.044981835775072546,
        0.003987333805564126,
        0.029617146656633297,
        0.004032553706150163,
        0.00893386454889402,
        0.060537996484589504,
        0.04509156464157922,
        0.09114517959372871,
        0.4305213930087296,
        0.041322973799452836,
        0.03490857944340319,
        0.1111160188526318,
        0.011533719318968343,
        0.03466577914052288,
        0.003933851147748061,
        0.019595786829436686,
        0.01072661686838367,
        0.0074230428113839465,
        0.005924763567127273
    ],
    [
        0.01897598742102814,
        0.0401200151294029,
        0.023690184976566112,
        0.04349626310652266,
        0.20140086011064798,
        0.04306064870749348,
        0.04136842381007384,
        0.04380602979334399,
        0.03691163752568684,
        0.028175052223791273,
        0.025281004572227934,
        0.02619837821036585,
        0.029863038703863073,
        0.04355357833498535,
        0.10472241915007577,
        0.06189048521699419,
        0.03046931079648061,
        0.0830391757319053,
        0.07397750647854466
    ],
    [
        0.003953315100867874,
        0.00250380228575096,
        0.06317480972411083,
        0.001329789811770827,
        0.002942148210667858,
        0.06926287005621225,
        0.0185778130330797,
        0.016226192141456756,
        0.016764256457133166,
        0.04904147406445421,
        0.004930500956878791,
        0.007015468947823713,
        0.6743986882299435,
        0.008668562296946293,
        0.002351057155320321,
        0.008618325259483268,
        0.036024191691713725,
        0.0030668508863310544,
        0.011149883690054988
    ],
    [
        0.01199353273699843,
        0.007617154387245929,
        0.022857050520832152,
        0.00974188065785451,
        0.009705085605969901,
        0.03512815173854538,
        0.024743348510509435,
        0.018282304678515274,
        0.03395958000281877,
        0.057999210964962924,
        0.009453785765476874,
        0.03843537919133187,
        0.04797860370207441,
        0.08332209459817665,
        0.008294505525767845,
        0.4791829601304263,
        0.018141684233041373,
        0.0260968522258411,
        0.057066834823610864
    ],
    [
        0.022217109729135223,
        0.042349894561096245,
        0.038855683728511364,
        0.006430132401689902,
        0.02237014994382897,
        0.13681083410648356,
        0.028660522603976134,
        0.18376584362362583,
        0.050929803682557354,
        0.02547932527382574,
        0.040264174899867174,
        0.019550786659565784,
        0.07535761839629385,
        0.022075376994236624,
        0.015089424051013047,
        0.07667710414893869,
        0.1547871823321051,
        0.007457664936681062,
        0.03087136792656838
    ],
    [
        0.001869252255902021,
        0.00021254520343269543,
        0.014414316980777728,
        0.00035294853003813134,
        0.0005023421618300172,
        0.008473204347935224,
        0.011333535678696258,
        0.0026335421896448866,
        0.011009295927415511,
        0.9207854814762194,
        0.0010369585103215057,
        0.005834850410922364,
        0.010609664579147929,
        0.005466641954520096,
        0.0003692202985292518,
        0.0017453187350823577,
        0.0011887992032876972,
        0.001041086242443032,
        0.0011209953138538308
    ],
    [
        0.007038317002490046,
        0.0007081209829681356,
        0.012990016121511133,
        0.0008087163079637381,
        0.0007258854842642,
        0.012253731729428494,
        0.010195359663782185,
        0.005909224417823171,
        0.0745105707850361,
        0.03458592994583075,
        0.0043438000060865905,
        0.8068176773828244,
        0.003566047641098822,
        0.014544655434515868,
        0.00045613172386420184,
        0.004661501549117946,
        0.002281987263355564,
        0.001684901596739677,
        0.0019174249612988637
    ],
    [
        0.009800841464778727,
        0.005118398926937352,
        0.030636221854103765,
        0.0021504407785164653,
        0.0035399028498928624,
        0.031371559219053914,
        0.016513662403616635,
        0.018222621094290185,
        0.009896209923591845,
        0.02261526698175537,
        0.0058778295109718735,
        0.005431449065113643,
        0.7758476293813278,
        0.006728092272847223,
        0.0045565953167193765,
        0.010432160794412386,
        0.022023422321936055,
        0.002211768180426317,
        0.01702592765970813
    ],
    [
        0.006906194659667412,
        0.0006295331928274081,
        0.016039821147193024,
        0.0022777762675538753,
        0.0014667214167844464,
        0.01039170576988445,
        0.015442105428646694,
        0.005913747119430066,
        0.02956558271262433,
        0.7868638310765255,
        0.004216498323477443,
        0.05149240941848146,
        0.009268136100597586,
        0.045116466702436846,
        0.0011676437851182004,
        0.004811573783845522,
        0.0020626040786725745,
        0.0034534654073522467,
        0.0029141836088807183
    ],
    [
        0.011356210885238709,
        0.0010056092359267698,
        0.02476789551393884,
        0.00048347797904564193,
        0.0015969209169617688,
        0.12385945700035306,
        0.029327828838050726,
        0.10723346053647227,
        0.6391946220175039,
        0.014343280208154225,
        0.005972601072580779,
        0.017817459995481826,
        0.005394226084059049,
        0.004845762441705444,
        0.0006708374571732593,
        0.003950630962479552,
        0.005259393416945038,
        0.001199029245831104,
        0.0017212961920981267
    ],
    [
        0.060546462104475424,
        0.0036575143666021078,
        0.07798331469737235,
        0.009059114367523994,
        0.0058498298483917145,
        0.041180965415171675,
        0.12265406403208041,
        0.021039372471276546,
        0.05482290857005124,
        0.3445175852825178,
        0.014506083217455022,
        0.08314902279091177,
        0.047119288082817276,
        0.050070449626947844,
        0.0056082477617901355,
        0.016281929294181204,
        0.009282044939921066,
        0.013100167570965819,
        0.01957163555954658
    ],
    [
        0.021749090740062708,
        0.01860856842864999,
        0.019497412796735548,
        0.007428292636563155,
        0.012184059646167316,
        0.07320952335174574,
        0.022705167243455573,
        0.09177553503094864,
        0.05627864802120025,
        0.026022742093721997,
        0.025250785539203957,
        0.030007039865407058,
        0.03470302766315067,
        0.042405353463426484,
        0.008900376265078076,
        0.4426789220794455,
        0.02612273753723858,
        0.006086340435359123,
        0.034386377162439634
    ],
    [
        0.0030085963690909263,
        0.0008135757544001957,
        0.004477435374041633,
        0.000769412604934276,
        0.0007958471644416091,
        0.011234962032480502,
        0.00339342599960081,
        0.0075583039067187675,
        0.008946796323862229,
        0.002982675857498668,
        0.9386345464361467,
        0.0047480576063703974,
        0.0022046331376755816,
        0.0025447416985071524,
        0.0006046693440638428,
        0.0018811018935650605,
        0.003796913035338051,
        0.0006628845579121343,
        0.000941420903351558
    ],
    [
        0.017948712127720666,
        0.013282601700172307,
        0.01856082084975802,
        0.008938665553785469,
        0.012237016297483368,
        0.05863624947963386,
        0.018574625727027977,
        0.07907940876936928,
        0.06532173678943264,
        0.03163559394087456,
        0.027509549688128052,
        0.03810929272706393,
        0.0309681255353395,
        0.06786860103753879,
        0.008665149558592475,
        0.44834487742549534,
        0.02254136755416953,
        0.006665961233937813,
        0.02511164400447636
    ],
    [
        0.052392424736866464,
        0.007432526801670081,
        0.07403906928387625,
        0.025040309813120974,
        0.02258583077624009,
        0.0436421258266611,
        0.0832518653147237,
        0.03448392592052701,
        0.04035779779330936,
        0.2152751454387125,
        0.01989103124156765,
        0.03292613853333636,
        0.161962319849519,
        0.05260834366161816,
        0.03432500683888827,
        0.025320022232255195,
        0.018680459118364575,
        0.024609889457512156,
        0.03117576736123117
    ],
    [
        0.01739343364806172,
        0.018575308769694734,
        0.01698930726960122,
        0.0238342590631868,
        0.5483171862537259,
        0.02656676122184811,
        0.04374449000583623,
        0.033523363137381926,
        0.02432099550481858,
        0.013970516972362672,
        0.0211395641795926,
        0.015569772552521934,
        0.010623833316538956,
        0.015279168115549933,
        0.06939576876881973,
        0.010206343390728817,
        0.01329883031712958,
        0.055897616109116297,
        0.021353481403484097
    ],
    [
        0.000647049104827687,
        5.491499310285909e-05,
        0.9853678009213555,
        2.9485735208729735e-05,
        6.733527556794648e-05,
        0.0033243753935483407,
        0.003378579058441827,
        0.0007631078813627405,
        0.0015806266988724626,
        0.0018300625407666365,
        0.00028906784181886283,
        0.0005355541476933748,
        0.0009977259630819144,
        0.0001632727276983433,
        4.1678583733079075e-05,
        9.472595044542976e-05,
        0.0006331770265759006,
        9.293944999172975e-05,
        0.00010852070590661749
    ],
    [
        0.005779908301865319,
        0.0007985121876590272,
        0.017380003629358206,
        0.0006022291591399735,
        0.0012009910075461562,
        0.07260285329943984,
        0.02015116077290172,
        0.019699073661395592,
        0.7652755254117031,
        0.016723433200743796,
        0.01315396540874798,
        0.040267923130827374,
        0.0043773272631919035,
        0.007831607451489605,
        0.0005988703892438056,
        0.005176867740842207,
        0.005155976980889841,
        0.0017077459145267205,
        0.0015160250884879664
    ],
    [
        0.0009967785043474074,
        0.0021899754160898295,
        0.007397182406974041,
        0.00021048223149844884,
        0.0006961679883591964,
        0.011422943975153614,
        0.0023687991552365263,
        0.004478831876326332,
        0.002778548333319207,
        0.0015979760578624176,
        0.00210179956494657,
        0.0011225984178255908,
        0.005443184045293249,
        0.0007274792133821618,
        0.00043261660071721136,
        0.0012042105861283022,
        0.9530872658705407,
        0.000537992261872104,
        0.0012051674941270366
    ],
    [
        0.011995593502462905,
        0.004112001192227066,
        0.021378360479433395,
        0.0134606752506351,
        0.007026855357250712,
        0.03202343030808334,
        0.018484102773374957,
        0.020827841181676663,
        0.04731482870587525,
        0.12868142122574242,
        0.016404851720368707,
        0.05501904939398982,
        0.048895642661482386,
        0.30469407895224365,
        0.0070454193194339045,
        0.21912870356102893,
        0.012222091345981139,
        0.011499608277647655,
        0.019785444791061986
    ],
    [
        0.01360309764321586,
        0.0017364079504378297,
        0.010971590461731698,
        0.00036609585229586603,
        0.001414857189372665,
        0.03027365957339674,
        0.008208666960954533,
        0.8888238979595458,
        0.018689508795706772,
        0.0034113371211032455,
        0.005422278102724141,
        0.0035449914269145163,
        0.0034205842109093477,
        0.0015140078206552902,
        0.0006483023351052126,
        0.0014151425379431946,
        0.00481358583161561,
        0.0004620676060020502,
        0.0012599206203697875
    ],
    [
        0.01578653770200835,
        0.0024308439418784036,
        0.027875995525580833,
        0.004426585058425077,
        0.004148456296276907,
        0.034448986569664546,
        0.03939326279145136,
        0.015229100508589003,
        0.0992643797347213,
        0.16532988052020825,
        0.007512633207141505,
        0.32468176940813026,
        0.01708192114780636,
        0.14266845838793113,
        0.002614864007536042,
        0.058029331721344085,
        0.006866165543038605,
        0.017609575238601634,
        0.014601252689666331
    ],
    [
        0.009313932851694247,
        0.006399007992681028,
        0.025441885923146723,
        0.003515247226443782,
        0.006569973966515944,
        0.071889940782704,
        0.018888963994512082,
        0.03946444235933179,
        0.02130476431373708,
        0.010228607888594953,
        0.6858114047312109,
        0.00898669337922499,
        0.0157017144608345,
        0.006938834277343751,
        0.005198765902902808,
        0.006262081905205976,
        0.04833483465157978,
        0.0036719047100509713,
        0.006076998682284598
    ],
    [
        0.950654219770095,
        0.0006321366568260758,
        0.004959062499884918,
        0.0004488236478939206,
        0.0009318971243223941,
        0.0046577055768979875,
        0.011439504585848465,
        0.0070934534466869665,
        0.004471574439368095,
        0.002772173277302924,
        0.002308074293631659,
        0.0024124512006616417,
        0.0020283932342358537,
        0.0010940983479877321,
        0.0006894421126734462,
        0.0009002895987139872,
        0.001100003065177814,
        0.0005148964131672873,
        0.0008918007086229892
    ],
    [
        0.007991185387763201,
        0.00493379056230185,
        0.009814460528021115,
        0.012234189666922891,
        0.007233249316728614,
        0.02017462514779261,
        0.012319919533296525,
        0.01468783010361085,
        0.033164718251314014,
        0.027533549742900204,
        0.012180785102525864,
        0.045791699086602584,
        0.0133411997597476,
        0.14808483550638152,
        0.0055609724939463395,
        0.5831938937934837,
        0.008457922926592063,
        0.013946820692683963,
        0.019354352397384516
    ],
    [
        0.025422974935137586,
        0.0024121417405510263,
        0.03338786701726302,
        0.0006361156316292292,
        0.0017544353712706762,
        0.12542580309382906,
        0.018455146743428776,
        0.6222631210008188,
        0.10364283586623725,
        0.01096409886415404,
        0.011561122992338354,
        0.013246110037592027,
        0.008365819917419368,
        0.004090122028883862,
        0.0008882550471302347,
        0.0038666075469775594,
        0.010324961604301089,
        0.0008918574816988257,
        0.0024006030793391835
    ],
    [
        0.01797007851523558,
        0.0042768996371706424,
        0.0740573649236361,
        0.0017101945384478956,
        0.0034590895822013477,
        0.26294071996998586,
        0.045679589425925184,
        0.06615016016291159,
        0.046253233930955914,
        0.013720517586643149,
        0.37119164806222077,
        0.013707362034413067,
        0.015554863328434082,
        0.005709259269489825,
        0.002281015613127379,
        0.00460402570087067,
        0.0436024152815464,
        0.0025640965395833113,
        0.0045674658972012635
    ],
    [
        0.021875414272659117,
        0.005193243564258787,
        0.06738700640719875,
        0.003444696670119111,
        0.012121396546545241,
        0.09983882719953421,
        0.08089201641466655,
        0.05511353022044405,
        0.28530410479211865,
        0.08456012718474468,
        0.010743216307047027,
        0.11278372746186942,
        0.022500223999417618,
        0.041343843505069595,
        0.004298124007596206,
        0.03159236553961038,
        0.020179125039238632,
        0.02649161956805005,
        0.014337391299811954
    ],
    [
        0.016689039998272273,
        0.0018634286320425646,
        0.016523578018798467,
        0.0020163617351352274,
        0.002049485659321762,
        0.02027524318802381,
        0.018936545326808208,
        0.01730526619516319,
        0.13266766053005144,
        0.030176940847766284,
        0.008395032323128321,
        0.6855376183634035,
        0.004622845452352017,
        0.023943019046477356,
        0.0010852318868542475,
        0.006785179412235581,
        0.003580461994936158,
        0.0032388621385157114,
        0.004308199250713797
    ],
    [
        0.023768589022487678,
        0.004690208146911463,
        0.09336224738367363,
        0.004820984452983099,
        0.009690227827506967,
        0.04512643080920057,
        0.043166421304330856,
        0.029946688812673553,
        0.021710908263380842,
        0.07822032667377404,
        0.01252567168045081,
        0.01131038011857388,
        0.5375357250181779,
        0.013667592674390255,
        0.012221377210177723,
        0.011039319093119303,
        0.027340455403532728,
        0.006848167734065997,
        0.013008278370588593
    ],
    [
        0.07075635105183738,
        0.013949092049353008,
        0.06356431713854256,
        0.023908034393855797,
        0.06354091778982467,
        0.041584265778782936,
        0.17400680626904996,
        0.03056842853905822,
        0.0367425691318159,
        0.05370846997460137,
        0.01947738834221209,
        0.032056858632071944,
        0.03996292818688704,
        0.026171576073028092,
        0.05214540399630031,
        0.018437051025214382,
        0.022325648529242702,
        0.18094060963007855,
        0.036153283468243064
    ],
    [
        0.020958191610795006,
        0.00783237047287855,
        0.033069380147804264,
        0.0051365239777101356,
        0.009992967450435803,
        0.09164069463772728,
        0.03122223914635822,
        0.07472822713101294,
        0.0301975932211374,
        0.016095405017846773,
        0.5530235826636811,
        0.011420201012675626,
        0.02928568432827171,
        0.010044811285846248,
        0.009500285008238267,
        0.01034525466449388,
        0.043076743145339456,
        0.004285993519751338,
        0.008143851557996058
    ],
    [
        0.14446999605397187,
        0.00394956346546059,
        0.12735340111647053,
        0.0034003591504462192,
        0.005459834728893848,
        0.07961196625177916,
        0.15958789439539264,
        0.0404140669687207,
        0.0432521464528968,
        0.11160663022449059,
        0.013446993229366074,
        0.022152268176341052,
        0.17435950236222567,
        0.015639022882336477,
        0.005454729949113575,
        0.015610964545018976,
        0.016067870081825093,
        0.005187234054655699,
        0.012975555910594527
    ],
    [
        0.0007996871171330349,
        0.0017272448192037935,
        0.007613182866678873,
        0.0001430178301479448,
        0.0005411878384034175,
        0.011656745876879827,
        0.0024508985396535948,
        0.003541589156848237,
        0.0018639655447485201,
        0.0011116606165005218,
        0.0013396920790301184,
        0.0007285701609055002,
        0.004311331613497286,
        0.00045118654257446427,
        0.00032561213637523123,
        0.0006875028853308677,
        0.959255330933494,
        0.0003988691868789404,
        0.0010527242557157102
    ],
    [
        0.00012129264489404792,
        0.00013946162268430317,
        0.00013115248668674269,
        0.0005557092605212803,
        0.003655965233955961,
        0.00016485692822260496,
        0.0002502866992073442,
        0.00021776329221609049,
        0.00010472125037343072,
        0.0001538192268630464,
        9.61306813375279e-05,
        7.035408697661284e-05,
        0.000231318303790848,
        0.00013121155953344017,
        0.9931679619117453,
        8.826091977544003e-05,
        9.089666977251672e-05,
        0.00015626131211822535,
        0.000472575909325335
    ],
    [
        0.008002620985979769,
        0.001874153132548096,
        0.02932615472195369,
        0.0013189423474512364,
        0.0018807817433447707,
        0.06105772177492992,
        0.015194431571526251,
        0.022773504049020267,
        0.4607599759551532,
        0.027047398166119462,
        0.024164835417410564,
        0.2916230963244142,
        0.00651543174591834,
        0.019076697827092377,
        0.0009578807106336337,
        0.010178576637201132,
        0.011600351856001865,
        0.0035317976674114873,
        0.0031156473658898493
    ],
    [
        0.0053508966560369105,
        0.009528295860686679,
        0.007113266357478113,
        0.02557499603466846,
        0.6053223349876105,
        0.00970030610104035,
        0.013091187942978049,
        0.012890973021141028,
        0.008198597083288973,
        0.010327721735570476,
        0.004126398699352445,
        0.005947655180479164,
        0.00998145881846842,
        0.01233468754690519,
        0.1860755349592153,
        0.007758921323279232,
        0.005227243625484974,
        0.020260141441027384,
        0.041189382625288214
    ],
    [
        0.0031995383592685013,
        0.002404006296009149,
        0.007337035751131904,
        0.002248579636260755,
