[
    [
        0.00751132845713329,
        0.03027615504521045,
        0.012429945060727116,
        0.006954343673135341,
        0.007436578243367268,
        0.7743483666789643,
        0.0107778708759375,
        0.004228421090669959,
        0.0030813781982847585,
        0.007663193961246685,
        0.019964668959754617,
        0.0005093872466798118,
        0.008577396011435286,
        0.10624096649745346
    ],
    [
        0.0010713307930071093,
        0.001585084905836311,
        0.0029309877954223663,
        0.0017493095828095822,
        0.0006169602710225984,
        0.008282086912266519,
        0.0009054331593726445,
        0.0003222040557956244,
        0.0002629828869741069,
        0.0014481827081960755,
        0.005640005632642778,
        0.00013699165400230044,
        0.0003484934239835852,
        0.9746999462186684
    ],
    [
        0.9844609752018307,
        0.0012090956498097384,
        0.002362282786876618,
        0.0014714860668558843,
        0.0009788431253707046,
        0.0016496442025579036,
        0.000536270230173498,
        0.00048144558986460366,
        0.00022261717041951058,
        0.0010136156088224168,
        0.0007145937673339552,
        0.00029510071144658124,
        0.0008372134856435027,
        0.0037668164029941004
    ],
    [
        0.006162577513047553,
        0.004384398487381758,
        0.013756576426668318,
        0.007314743161612695,
        0.0022026485285045255,
        0.01120179911641964,
        0.0019087971689269601,
        0.0006452896785081589,
        0.0006537126533937985,
        0.009412822799318593,
        0.00588822263357051,
        0.0006013205880452008,
        0.0011272003096225588,
        0.9347398909349798
    ],
    [
        0.04832170996636176,
        0.018040531092648943,
        0.3737233881247075,
        0.08118568955390103,
        0.0490750825283847,
        0.04220696000925454,
        0.01445846366554822,
        0.007170531138185301,
        0.003360683108651813,
        0.23614963076236636,
        0.010851869097201334,
        0.006703363450552462,
        0.008257089152524094,
        0.10049500834971203
    ],
    [
        1.2946569755056475e-06,
        3.1119952296394334e-05,
        1.2488095682019974e-06,
        1.7918805754969611e-06,
        2.8820827537620966e-06,
        9.672492322213882e-06,
        9.287447085758658e-06,
        2.3144163414291638e-06,
        0.9998997835762921,
        2.321163008752433e-06,
        9.138316740715178e-06,
        6.450720555059972e-07,
        2.458558812403351e-05,
        3.914545860181833e-06
    ],
    [
        0.00011533993124901555,
        0.00011443494550683248,
        0.0009867139497512873,
        0.0005062873851692661,
        0.00016933810326944068,
        0.00016843443801159075,
        7.944089020722529e-05,
        2.4603539073064502e-05,
        4.7958171621578e-05,
        0.9971159477991359,
        8.985048328897403e-05,
        0.00010917748959762206,
        6.445720674106568e-05,
        0.00040801566737727835
    ],
    [
        0.0009821845118416815,
        0.021599735617519385,
        0.0015460795976105378,
        0.0018839037733182776,
        0.002520225050739861,
        0.9273688949109606,
        0.012564153953979001,
        0.0028205966626025348,
        0.0023221260777794555,
        0.0016049154744639173,
        0.010652024586830561,
        0.00017261618224114928,
        0.002664166985201966,
        0.011298376614911216
    ],
    [
        0.021192749460839735,
        0.1477887843082144,
        0.02035745936655594,
        0.017122657472951785,
        0.0398787964209608,
        0.11025672667132873,
        0.1226410587143511,
        0.1374923720284845,
        0.0656534602033926,
        0.01658463970150316,
        0.15995328619926685,
        0.006708537944340145,
        0.07064976278402553,
        0.06371970872378467
    ],
    [
        0.002103821674167342,
        0.8987536500213149,
        0.001090847675919036,
        0.0021594051218201014,
        0.005230259003746112,
        0.04493412636655292,
        0.016152112413425943,
        0.0023068161141482093,
        0.00310719394946839,
        0.0012790557514877105,
        0.005259987483378836,
        0.00021400394152820362,
        0.0072808309374705294,
        0.010127889545571986
    ],
    [
        7.50980109991844e-05,
        0.00038010802008702133,
        0.00014184135556011645,
        7.450849608489422e-05,
        6.282250363209127e-05,
        0.0011141913596640597,
        0.00019918809090252538,
        0.00011335070987649216,
        0.00018664737658318872,
        0.00011019082564213276,
        0.996327693445274,
        2.6644252457852032e-05,
        0.00013245768877905785,
        0.0010552578644571194
    ],
    [
        0.01769414806782067,
        0.011809042866642793,
        0.660875610299753,
        0.019133835871804276,
        0.014580147294858514,
        0.035427578074223316,
        0.011252644519812423,
        0.009654585439424818,
        0.005331990813078949,
        0.10798017406512092,
        0.026847933980564963,
        0.008287018824216206,
        0.009142019954193796,
        0.06198326992848554
    ],
    [
        0.007008054398594637,
        0.016032777090790616,
        0.014095273064898188,
        0.009317903664097264,
        0.0050506404414018095,
        0.1314117073537777,
        0.007391509475398128,
        0.002370487109625031,
        0.0019414975361456276,
        0.008264552878529244,
        0.02672283993172205,
        0.0006846363051514833,
        0.0033741567073651284,
        0.7663339640425031
    ],
    [
        0.43651384464838344,
        0.02886795891936859,
        0.077053706956787,
        0.1467670445184835,
        0.03789694984637482,
        0.033037346110587076,
        0.0167922943492856,
        0.008303711387578249,
        0.007048214601612015,
        0.05143335055134646,
        0.018816626033788066,
        0.014843102113281334,
        0.014935643736710507,
        0.10769020622641341
    ],
    [
        0.004663553159373902,
        0.04935585895352049,
        0.002096647373340722,
        0.0022745015355022107,
        0.003845945416274944,
        0.013432890341970214,
        0.005368486967753311,
        0.0020252798217111337,
        0.03229060929687453,
        0.003092752346472195,
        0.006543803311175747,
        0.0006222705576283709,
        0.8681310002994778,
        0.006256400618924419
    ],
    [
        0.004420982585312982,
        0.8073223462436314,
        0.002161116711576221,
        0.004742812585337795,
        0.011041461038332498,
        0.04250003551749909,
        0.02051716982317028,
        0.003494915140554245,
        0.017480906894205284,
        0.003710596465924238,
        0.006258666338199961,
        0.0005632550650181187,
        0.06612575301247416,
        0.009659982578763802
    ],
    [
        2.6206962009895234e-09,
        1.7414611677184073e-09,
        4.215331057655742e-09,
        3.5137538377931855e-09,
        2.2750704766462543e-09,
        1.6488269973502004e-09,
        1.5374892594895516e-09,
        9.342198104438571e-10,
        9.632950350126011e-10,
        7.933816312979186e-09,
        1.8335689976864842e-09,
        0.9999999663042798,
        1.1102068480854126e-09,
        3.3679841213326628e-09
    ],
    [
        0.009603543853923296,
        0.4015941088210282,
        0.00819791161417379,
        0.011910929522177219,
        0.017665706869503132,
        0.15789320049259503,
        0.06418454704400443,
        0.012223561173637895,
        0.07651208706771323,
        0.011416477159999194,
        0.10786514855026746,
        0.0023945672622503046,
        0.06611813603559188,
        0.05242007453313496
    ],
    [
        0.007937655235299204,
        0.0352419819488641,
        0.009417490289784818,
        0.0612274935684051,
        0.762454475664286,
        0.02623831475797133,
        0.036172465962592985,
        0.004342674573643371,
        0.004034846140420422,
        0.01951983902696516,
        0.004280350134655712,
        0.0014652723446068815,
        0.00804419804678012,
        0.01962294230572476
    ],
    [
        0.01439812968441911,
        0.004890572451386982,
        0.7931550171927413,
        0.01848656069079543,
        0.00599005206728902,
        0.016036895423322102,
        0.0036136611294621383,
        0.0018629287275042327,
        0.0014048913294453273,
        0.04493118899631525,
        0.008031513591706561,
        0.0017144422083890491,
        0.0026164892503489747,
        0.08286765725687467
    ],
    [
        0.014738855442230154,
        0.40183255411014923,
        0.00979810577724713,
        0.029694669560582924,
        0.03398599436974602,
        0.12637069018516287,
        0.12319533512092831,
        0.0172531945775305,
        0.05833252060880522,
        0.01330198189152267,
        0.06326355621059644,
        0.003089143775070029,
        0.03418827648468259,
        0.0709551218857458
    ],
    [
        0.0014540578043379172,
        0.0012668494502360665,
        0.004674353907144696,
        0.964880082366262,
        0.0043688205092430165,
        0.0021908953045065393,
        0.0013164107388259785,
        0.0002860736649671883,
        0.0002557393797981011,
        0.01030740525374902,
        0.0006697812169200631,
        0.0003928638284097558,
        0.0003403788386581482,
        0.007596287736941369
    ],
    [
        0.001319158647932552,
        0.002437036006882675,
        0.001674631288704416,
        0.9632271282902559,
        0.015128947141608685,
        0.0023652638564382183,
        0.0035410678040712676,
        0.0005005716711325429,
        0.0004669557559562264,
        0.0035851046818207665,
        0.0007510555552768711,
        0.0004918807986191908,
        0.0005129212131729201,
        0.003998277288127608
    ],
    [
        0.0009932243759051664,
        0.07221775065166686,
        0.0009702848448064056,
        0.00414195549647689,
        0.02380069596966942,
        0.02297328354813512,
        0.8548015346112684,
        0.004467961419031693,
        0.0034655765520913303,
        0.001437393959488343,
        0.00293382834727151,
        0.0002571334586552348,
        0.0030243265694725424,
        0.004515050196061065
    ],
    [
        0.01698211666743749,
        0.044385720060538716,
        0.016591453087025698,
        0.02313273489609446,
        0.09202231192887111,
        0.0518252108342315,
        0.11070530960229556,
        0.5455394116236578,
        0.013108935507171893,
        0.014515888300129749,
        0.01846693279563582,
        0.006356689198270875,
        0.02182300129273471,
        0.02454428420590449
    ],
    [
        0.010846997648967679,
        0.10357144857455745,
        0.014418141219097506,
        0.00930593641872728,
        0.029082651581274103,
        0.16861749493989364,
        0.11698144373126636,
        0.32334760409780544,
        0.021950679961467535,
        0.010601103496893003,
        0.1034111789548465,
        0.002859101745302676,
        0.04043277518983338,
        0.04457344244006744
    ],
    [
        0.008157467593487592,
        0.11869313324745495,
        0.007074972996362809,
        0.012431214955568046,
        0.00970223871143669,
        0.4471457696395337,
        0.03675596539817304,
        0.0075672814589808225,
        0.007845734858618624,
        0.006164243273640866,
        0.1222358742624197,
        0.0010230524988659984,
        0.008925311549334557,
        0.2062777395561227
    ],
    [
        0.0037875748180037517,
        0.020344769891157168,
        0.003396717443758007,
        0.035404973966387705,
        0.8187874362443308,
        0.011089120428031889,
        0.07561700894145246,
        0.006656483501320583,
        0.0034565885867859918,
        0.005409606739413032,
        0.003059505502931458,
        0.0014043883622486936,
        0.004091430888682325,
        0.007494394685496198
    ],
    [
        0.0006194450188727697,
        0.9374675664983159,
        0.0004381209522092595,
        0.0011748818577509254,
        0.002914915284952542,
        0.011295650315627011,
        0.02251834394935927,
        0.0013997727938112948,
        0.010627006188355192,
        0.0007620421582003732,
        0.002810072166233566,
        0.0001647962605128096,
        0.005293981514353939,
        0.002513405041445395
    ],
    [
        0.04250520027516744,
        0.10354599689382019,
        0.028628819951647393,
        0.034613546131451615,
        0.044250680713613884,
        0.1414695836756447,
        0.09751334446921993,
        0.2462873012799094,
        0.03116353243763689,
        0.02708511700669901,
        0.0733065933778708,
        0.015060746504640132,
        0.044679023601865535,
        0.06989051368081309
    ],
    [
        0.012640146473207168,
        0.0015173280798874112,
        0.9324426369893798,
        0.00457275113542159,
        0.0024663916823154156,
        0.0032821583482232916,
        0.0010413516214288858,
        0.000741290903453532,
        0.0004329759287913105,
        0.024997650900607227,
        0.0017452531511024786,
        0.0014000423326895027,
        0.0011371641079249435,
        0.01158285834556733
    ],
    [
        0.0020740532183189772,
        0.007417295769676947,
        0.0018196734414223298,
        0.0014415311955327495,
        0.003755343420699123,
        0.01162251573735554,
        0.011350167717929207,
        0.9416509987891141,
        0.0017252974441293511,
        0.001102034808494323,
        0.007673301821382616,
        0.0004735779847869143,
        0.0031651214810952755,
        0.004729087170062494
    ],
    [
        0.005539872136423029,
        0.011607963379508533,
        0.009349915085028233,
        0.02670787474574596,
        0.8715379968125735,
        0.01140489676001029,
        0.02479413029669189,
        0.006556603080709802,
        0.0020521696146298955,
        0.011153632123013752,
        0.003302797678318172,
        0.0017721448481046033,
        0.003993858046283711,
        0.010226145392958803
    ],
    [
        0.862130423458483,
        0.011959640813673289,
        0.023350043182227567,
        0.007250409176600112,
        0.007253200810113306,
        0.012911518278735365,
        0.0038329116720174448,
        0.0030988837940485498,
        0.0028381567470098608,
        0.013730765212218379,
        0.006210435614717496,
        0.0028166997538391215,
        0.019416477160695778,
        0.02320043432562052
    ],
    [
        0.0003807693100885661,
        0.012814549348005157,
        0.000364657244799218,
        0.001230470647333292,
        0.0066546788328738895,
        0.004878639053994189,
        0.9626432746126877,
        0.005022103521350274,
        0.0013789104543746667,
        0.0004687890835362135,
        0.0015123132477938043,
        0.0001447358076363038,
        0.0009879638645320335,
        0.0015181449709945492
    ],
    [
        0.0018514360061814602,
        0.02857654550367397,
        0.0037476725762906797,
        0.012931187766151752,
        0.0341482957828514,
        0.03528348676264702,
        0.8267099342775873,
        0.01330950767966736,
        0.007243596569782075,
        0.005687532785961539,
        0.012435756542568099,
        0.0011438373763710164,
        0.003669084198840142,
        0.013262126171426206
    ],
    [
        0.02468989467744641,
        0.007889109747900745,
        0.6761136747720609,
        0.030154225742918827,
        0.011654052627425365,
        0.015659006412615483,
        0.006101892706987605,
        0.003190969061060851,
        0.0026396496450148124,
        0.1244754828187819,
        0.013408129310399667,
        0.009006211532405724,
        0.004744300625107842,
        0.07027340031987388
    ],
    [
        0.002476980145025102,
        0.011980527864672845,
        0.001295396448933837,
        0.0008987712481097843,
        0.0022130710869503107,
        0.006294722644594091,
        0.0027908749632413955,
        0.00245186732589971,
        0.007121397207075056,
        0.001478579272328869,
        0.00280976191736346,
        0.00034905645366346236,
        0.9554231454778375,
        0.002415847944304726
    ],
    [
        0.0006465278556255844,
        0.0035309879486685692,
        0.0006593250363165941,
        0.0007582846549365485,
        0.0022944068290967944,
        0.0043838827925913385,
        0.009758665323673608,
        0.9707281343951487,
        0.0011067684270832658,
        0.0005334076820299882,
        0.0024550666338347222,
        0.00024992627831993587,
        0.0014008155963094759,
        0.0014938005463649069
    ],
    [
        0.009477029319683845,
        0.06467565229068482,
        0.01404190184454478,
        0.012204577267811063,
        0.030940842273012702,
        0.18313816567628502,
        0.1461184341220642,
        0.3678371639941628,
        0.01638522483516029,
        0.010131340326179948,
        0.07786874685394317,
        0.0026976891922771075,
        0.022960505884718832,
        0.04152272611947151
    ]
]