[
    [
        0.021114667035630696,
        0.05317973245992428,
        0.009626530196196406,
        0.03498974947563171,
        0.016714229849092686,
        0.028646672841061878,
        0.013207950183953644,
        0.012809118339522219,
        0.034009251055786414,
        0.008710856953840372,
        0.09186007328368236,
        0.4386165245242637,
        0.029874350973361222,
        0.02540976369264706,
        0.061456990842593054,
        0.02215534276185013,
        0.035804383397984536,
        0.02048756493969231,
        0.025867312974380267,
        0.015458934218905075
    ],
    [
        0.6047397148412367,
        0.0023865765994496753,
        0.008451312806788982,
        0.020548108840491238,
        0.005269665132992906,
        0.04630175671342728,
        0.014417891042100115,
        0.007285550259060048,
        0.02817517403526161,
        0.011331645343164986,
        0.0024220632813679774,
        0.006496477317691803,
        0.04032751342148662,
        0.04072799843832794,
        0.01735026567299133,
        0.00696041717336776,
        0.017426101323577272,
        0.032278579254800974,
        0.060598726401372184,
        0.026504462101042466
    ],
    [
        0.005745182732643018,
        0.001423144621743354,
        0.0025219442884929404,
        0.9045750558955592,
        0.0061155965430888925,
        0.006294157175922088,
        0.01586261038787636,
        0.0037797008221986074,
        0.005041890149290568,
        0.0028553247387934824,
        0.0004919649004173405,
        0.0012618996034068795,
        0.01658365979425942,
        0.0032208531207415015,
        0.0037294147974138857,
        0.0017938876819337726,
        0.007150691450885895,
        0.0025287594129733393,
        0.00441522707864546,
        0.004609034803713764
    ],
    [
        0.010152567116657464,
        0.012891692490760921,
        0.6413771949667789,
        0.008222651391448203,
        0.032811844366138695,
        0.010572539177474837,
        0.03547103003295207,
        0.08904523254457652,
        0.008879041659239516,
        0.010717792193406583,
        0.003360976240585898,
        0.003352032048130084,
        0.017307761007888955,
        0.005666123613923176,
        0.006061878460086485,
        0.005955463273779197,
        0.008183826936308038,
        0.01594326210591961,
        0.006727657080157132,
        0.06729943329378758
    ],
    [
        0.016261259014390766,
        0.0019704895381921577,
        0.22290469190506773,
        0.004106355895865526,
        0.009577547351867149,
        0.014192186107371968,
        0.010136420333194469,
        0.03436772767906676,
        0.009969426791822783,
        0.004997398587186961,
        0.0014438129592407704,
        0.0015481085787951803,
        0.01158900066322857,
        0.007628755951156004,
        0.0038428752068381256,
        0.0025651703884210755,
        0.003316472671462654,
        0.05494409551377585,
        0.010024094635235894,
        0.5746141102278196
    ],
    [
        0.004121330792594283,
        0.0003235748605500291,
        0.015828289597825954,
        0.0010654055031630012,
        0.0012692263603806876,
        0.004508993694329259,
        0.003060454201490616,
        0.006222524481226602,
        0.0028607303026188502,
        0.0008088145602457082,
        0.0002130992592198741,
        0.0002901128965380251,
        0.0035192315118185527,
        0.0014002155358378216,
        0.0007753980484097786,
        0.0005039738220777232,
        0.0006719706150732688,
        0.009970802304987576,
        0.0025867784075329567,
        0.9399990732440794
    ],
    [
        0.00055967003023861,
        0.0021256492847367275,
        0.0005397174985903427,
        0.0005292473962913972,
        0.0006784368710963772,
        0.0010200442239435862,
        0.0003768942216454938,
        0.0007628938012035772,
        0.0011082941313272628,
        0.00045597408583780794,
        0.9813707891351777,
        0.0035635867316213244,
        0.0007414662315008061,
        0.0008061686968423321,
        0.0012774684235649196,
        0.0010984527875054415,
        0.0005838022881622309,
        0.0010288546531018261,
        0.0006769028642697964,
        0.0006956866433423266
    ],
    [
        0.06524810240090388,
        0.060334393041996545,
        0.023904997089607357,
        0.0321452269260373,
        0.02831995284137388,
        0.045795445824306176,
        0.018581378135255587,
        0.022000089574330334,
        0.03810920081576773,
        0.027867698430369542,
        0.21825329428614212,
        0.11998554498453469,
        0.04169753209195369,
        0.03895930484372088,
        0.04491521290304972,
        0.02249367187998755,
        0.03203448642115856,
        0.046692112989668674,
        0.03679728814565815,
        0.03586506637417766
    ],
    [
        0.02374123729218578,
        0.0033762530676548557,
        0.012146154965775514,
        0.005354616524607594,
        0.0031679189158213194,
        0.030101689846982204,
        0.01600835412724435,
        0.016355924430855276,
        0.018997267081213395,
        0.7401574682962107,
        0.002988959962038851,
        0.004402231166943193,
        0.02350606655002166,
        0.021353699622015037,
        0.010770296281588087,
        0.009633101291040903,
        0.00977071658480585,
        0.014810693249327463,
        0.0197045036864121,
        0.013652847057256053
    ],
    [
        0.006655126321204743,
        0.0002827354588478136,
        0.013188689972853171,
        0.0012728217289669525,
        0.001650714552525619,
        0.010710007743272174,
        0.002506632592094757,
        0.007836855339546705,
        0.006086049468907759,
        0.0011231900328940263,
        0.00024958241819092615,
        0.0003286988408370031,
        0.005535472658477117,
        0.0038986039939453232,
        0.0015112750920523582,
        0.0008802763249420718,
        0.0009363797514192652,
        0.07393898616305923,
        0.004539421444601917,
        0.8568684801013611
    ],
    [
        0.24939493236079546,
        0.0024718919284670306,
        0.007876794513312474,
        0.010864327480855964,
        0.004152471371336956,
        0.104980395735307,
        0.01051515556343445,
        0.008561103928745522,
        0.06691600314389701,
        0.011284107875722775,
        0.003458394937174309,
        0.010586109634556643,
        0.07737934247035547,
        0.12056437235092528,
        0.10117058160697258,
        0.024173769498420223,
        0.03378224135682635,
        0.07277213472774928,
        0.05663919602577142,
        0.022456673489373802
    ],
    [
        0.03510886069784718,
        0.004075424541355834,
        0.011181563922366527,
        0.03803781005342188,
        0.009103430238451789,
        0.1494006939902232,
        0.024026681323633774,
        0.023336675554719355,
        0.23463674890265984,
        0.006840409711407026,
        0.004933150166681559,
        0.01349479409761869,
        0.06261825961303677,
        0.06369513678458065,
        0.05177716692354224,
        0.028818861788572278,
        0.023171652355393483,
        0.05330785322695979,
        0.12217103703069403,
        0.0402637890768341
    ],
    [
        0.0035419935369134614,
        0.003399455055394242,
        0.0012234237861592516,
        0.0031083954582072004,
        0.001539452343679058,
        0.004525813564477997,
        0.001616270031561779,
        0.001672417140737132,
        0.005311666588089381,
        0.0015853220646655161,
        0.006350425178320387,
        0.9138846939638346,
        0.005270846582806053,
        0.005437073044471792,
        0.019232452586932975,
        0.0051054581807735405,
        0.008585377401086322,
        0.003025302487438351,
        0.003794661284276687,
        0.001789499720174328
    ],
    [
        0.012922225652994558,
        0.004786142440824503,
        0.5630024514684123,
        0.006571784860566553,
        0.01008701436942026,
        0.011547946759093089,
        0.10695831983864032,
        0.12374756064870925,
        0.00824903053926609,
        0.016217994752580234,
        0.0013283455897997803,
        0.0020388054379772112,
        0.030513464715750435,
        0.004902623334613738,
        0.004856679938703732,
        0.004514805546441358,
        0.009479943948779202,
        0.010932116740258978,
        0.006456608941126698,
        0.06088613447604149
    ],
    [
        0.0037914569553184636,
        0.0002795452950850921,
        0.0015508082982612478,
        0.0018392008957645054,
        0.0006780393412084698,
        0.45924855647322715,
        0.0022255441345987934,
        0.005896510827619358,
        0.3766581613665567,
        0.002246573913707269,
        0.0003788639080907508,
        0.0006843815992567718,
        0.00782966945719561,
        0.04515440449492511,
        0.004200179924625456,
        0.002234724730263182,
        0.001274365274990647,
        0.015530229207478357,
        0.061694578955153796,
        0.006604204946673393
    ],
    [
        0.0012522992768452667,
        0.0003210965328902854,
        0.0006579987803594155,
        0.0008401323209127385,
        0.0004814568407623765,
        0.0033755221417889124,
        0.0010683839637823985,
        0.001488355157225702,
        0.0034937702372885905,
        0.0007553865550623451,
        0.00043655735272507296,
        0.0008959759881431771,
        0.004836393492874307,
        0.0018613003177839222,
        0.009856327243251887,
        0.9609783180702566,
        0.0038186078359799354,
        0.00160272189813521,
        0.001028074992742526,
        0.0009513210011892515
    ],
    [
        0.006944244425606034,
        0.0022098768043080867,
        0.0068741406707019765,
        0.004200093548939349,
        0.00212998896005489,
        0.01353351947333638,
        0.013700697019988557,
        0.01259727533803093,
        0.009535322559084455,
        0.8712178538024029,
        0.0012533275170020341,
        0.001850333833354499,
        0.01047409086664351,
        0.008717074081387395,
        0.003910935909534948,
        0.0029476582257621704,
        0.003954052497363307,
        0.005435905984066417,
        0.011325928490836985,
        0.00718767999159512
    ],
    [
        0.3298798532974791,
        0.006007527114626094,
        0.04023734840554117,
        0.012321384177558518,
        0.012222370516830929,
        0.045462592499397755,
        0.01584981478253533,
        0.016572687785521432,
        0.03028444651759622,
        0.013563276328764529,
        0.007202781966409773,
        0.011346917334348849,
        0.03893398530374297,
        0.038267996690119,
        0.022580253079225118,
        0.01029666718544035,
        0.01722925356534938,
        0.1664263328104065,
        0.04117254607382605,
        0.1241419645652809
    ],
    [
        0.0097843617458258,
        0.037477479008963796,
        0.007532027559904844,
        0.011123414360767869,
        0.01408879821281781,
        0.014788913436361547,
        0.005766311108461698,
        0.009541010743688495,
        0.016730065639744756,
        0.00691082416569099,
        0.6153283587446677,
        0.11748235059145545,
        0.013250479058613398,
        0.016647989160755515,
        0.03520971818539231,
        0.01749189339450712,
        0.014514911043693528,
        0.01587070833863359,
        0.011101307114427517,
        0.009359078385626175
    ],
    [
        0.016306867599260994,
        0.0029486253622068625,
        0.003090197705658396,
        0.014650185087569814,
        0.004280647609470579,
        0.03484413814448195,
        0.004757669060079525,
        0.00498637488608545,
        0.048644394162486206,
        0.0036064496538937,
        0.004512908245805295,
        0.037912798734747614,
        0.031221724638103403,
        0.07525666039691774,
        0.6085888382057402,
        0.017560031618056256,
        0.03573008340375635,
        0.01786352770450323,
        0.026566122874907,
        0.0066717549062693905
    ],
    [
        0.0068480388098963434,
        0.0029879487391111094,
        0.0035531991358765066,
        0.0165237451174611,
        0.004672895688675523,
        0.006459058597318504,
        0.016422043695697247,
        0.005437034365931858,
        0.005659091538382348,
        0.0039110194846004144,
        0.0009364304766927856,
        0.0034462012338080206,
        0.06610160759412279,
        0.003801650258081568,
        0.022750542401209186,
        0.016718116374764058,
        0.8041527662312116,
        0.0030466442570252603,
        0.0029149977057205457,
        0.0036569682944133756
    ],
    [
        0.009606571544657067,
        0.001139867767181146,
        0.0029505734198550415,
        0.00546791518653682,
        0.002119164047334424,
        0.12263311429595147,
        0.0038238810512555167,
        0.007490830039868044,
        0.1817232973508507,
        0.007163594192717304,
        0.002634869220520107,
        0.004390118948658904,
        0.01208816028107718,
        0.44157972855275673,
        0.02072313515047613,
        0.00924890848644054,
        0.004431467289649123,
        0.02764272187805474,
        0.12522928207671982,
        0.007912799219439253
    ],
    [
        0.00798872409097083,
        0.00021315349176408412,
        0.0009488529543344188,
        0.0016987103665654397,
        0.0004644115535708532,
        0.6273580738652765,
        0.0016649314666435354,
        0.002277973455155758,
        0.18634799844419755,
        0.001677201398088078,
        0.0003383020259838907,
        0.0007202877450899488,
        0.008193052003207213,
        0.052339103191322,
        0.0046811232425651925,
        0.0024067279696169818,
        0.0014154876979585304,
        0.012652896299084093,
        0.08227840901926403,
        0.004334579719341033
    ],
    [
        0.4763112824305336,
        0.0042881538883333395,
        0.03513288164406364,
        0.015084740216844259,
        0.014313879273525922,
        0.04116876896465457,
        0.015811469737882056,
        0.01601796787670038,
        0.022864611750303774,
        0.022797338836163094,
        0.0047332915750936885,
        0.006358907722225907,
        0.0367993023195578,
        0.03478205936800656,
        0.015114016256521937,
        0.008004012596648482,
        0.013946048156069259,
        0.09307268183553828,
        0.03301654742952427,
        0.09038203812180923
    ],
    [
        0.01193053750613038,
        0.0005451011904701339,
        0.0032075275921804973,
        0.0032062364326935974,
        0.0010693149725740938,
        0.18934594813888914,
        0.005208515340608921,
        0.0077000184033207105,
        0.10905644277992728,
        0.006144650300388224,
        0.0006924493216707003,
        0.0012755294875437422,
        0.010435140284537169,
        0.05122281016249369,
        0.0043966907232215035,
        0.002488816669026108,
        0.00209250242585195,
        0.021519212909283134,
        0.5539586552150894,
        0.014503900144099639
    ],
    [
        0.0033026201256809444,
        0.00013091720648143748,
        0.00036675237155639305,
        0.0008167478082636123,
        0.0002564542489700865,
        0.016216227381012405,
        0.0005004099050689734,
        0.0006227169101124294,
        0.017276354367734326,
        0.0006702899601958164,
        0.00021456402121264794,
        0.0006580088888559737,
        0.0026939207430777714,
        0.9125180153611808,
        0.005727337122020024,
        0.0008254444696344373,
        0.0010139204352730157,
        0.005081159081957443,
        0.029972493458643522,
        0.0011356461330678854
    ],
    [
        0.0042144368100420085,
        0.0017443129176898484,
        0.0032062016011873127,
        0.005017432893566629,
        0.002824647749877683,
        0.011511542492027418,
        0.006818973391285338,
        0.009217575974553246,
        0.011201112677977925,
        0.003680045588336494,
        0.0015077902157830246,
        0.002904884722479447,
        0.029591815839596206,
        0.005253570749799076,
        0.029248766350269514,
        0.8368965851771051,
        0.023371968461750728,
        0.004679377640141117,
        0.003264955011756675,
        0.003844003734775429
    ],
    [
        0.022673479244855774,
        0.0036350903474744248,
        0.007929727765419342,
        0.007948143236637062,
        0.004221673296712561,
        0.13931300718590567,
        0.008451761565314382,
        0.015482549412817513,
        0.18778469036121256,
        0.016292923027210512,
        0.01219272288035328,
        0.01626941774891793,
        0.02361586308559945,
        0.2271779763391541,
        0.054628382275769466,
        0.037570428769370015,
        0.010955355467054641,
        0.0718002552198717,
        0.11338844416669405,
        0.018668108603655652
    ],
    [
        0.036197408509813636,
        0.02303121009105978,
        0.0832162425407437,
        0.02684504358416203,
        0.12066689485481427,
        0.04025964481028143,
        0.025391168160132316,
        0.06173909772610765,
        0.03904862864299199,
        0.014652672248579603,
        0.01809249114901695,
        0.02138007157635731,
        0.06924778913843047,
        0.03724952989835497,
        0.08905959018266979,
        0.051253804292761385,
        0.058946156075008846,
        0.09272976755632502,
        0.02111353020156435,
        0.0698792587608245
    ],
    [
        0.023898378779062306,
        0.03417269467843935,
        0.020402247202627018,
        0.03347844120708603,
        0.014116539838104018,
        0.10730226199088796,
        0.03636704782371219,
        0.050411580891259175,
        0.1467085802699017,
        0.03326724338968592,
        0.03059104278923102,
        0.06819983073598422,
        0.0574834898883588,
        0.059459280641482294,
        0.06220748641906291,
        0.033488149725597695,
        0.028396129009221012,
        0.03913276688805622,
        0.08632433156577458,
        0.03459247626646555
    ],
    [
        0.0011984455011092871,
        0.0005206005903665805,
        0.003224634964817812,
        0.002285375252086222,
        0.0008929149734756176,
        0.0014748683596119245,
        0.9667116779040745,
        0.00581920031769973,
        0.001109275152682837,
        0.002524200053664924,
        0.00011201015920989321,
        0.0002360458767730143,
        0.006416453018987289,
        0.0005635132532667253,
        0.0006631870786567906,
        0.0005951073527827494,
        0.0020151206939686304,
        0.0006419145064336091,
        0.0008481717302096786,
        0.002147283260122409
    ],
    [
        0.009953421506795311,
        0.0034918859383015056,
        0.03194219985025789,
        0.01791115186048321,
        0.008313203201884618,
        0.018434734751132303,
        0.6660262199138747,
        0.09176132868534928,
        0.013853395250900551,
        0.02503879190203402,
        0.001155096312338728,
        0.0018931564311556676,
        0.037042029586302934,
        0.006260586835557012,
        0.005512053317140833,
        0.006496557250144331,
        0.00974030272949855,
        0.007833720998106912,
        0.009987344380115264,
        0.02735281929862638
    ],
    [
        0.02597992280798859,
        0.012849733973511988,
        0.06996903337850482,
        0.0182035941615315,
        0.025407910496581924,
        0.05592537594775155,
        0.05083798216464203,
        0.14572469711436012,
        0.043939859644213604,
        0.023951561713315472,
        0.008484317974749474,
        0.00947915565822262,
        0.12046755880059226,
        0.01910303907744918,
        0.04681787667935408,
        0.16110152060699223,
        0.0402918252139193,
        0.04491024181078301,
        0.014956272299791159,
        0.06159852047574512
    ],
    [
        0.02171173576924302,
        0.008213867329772459,
        0.007011212132652827,
        0.01223667969873971,
        0.005671342095283896,
        0.028225029807719293,
        0.01227933871594668,
        0.010220662325181,
        0.03046974881037094,
        0.011474307349781564,
        0.007033864052271476,
        0.045180732903497084,
        0.061512247015567054,
        0.03356472105933915,
        0.3895699526407405,
        0.06575953341768076,
        0.20821347858143713,
        0.015803119343956274,
        0.01683278582888006,
        0.009015641121939087
    ],
    [
        0.015992694005334835,
        0.00044412233979486637,
        0.001751237164792958,
        0.0034050855290602895,
        0.0011991109224695937,
        0.16144269381656284,
        0.0021267811959181345,
        0.00330496931975394,
        0.11884257783609882,
        0.002595741977063924,
        0.0009177710675584189,
        0.0017666641679498737,
        0.010816155559549099,
        0.5201920252686102,
        0.014591582532560685,
        0.005349038767577202,
        0.003010307181879403,
        0.0419668563631661,
        0.08333387022020201,
        0.0069507147640968225
    ],
    [
        0.006974847866369505,
        0.00315764684323719,
        0.0025018178323141524,
        0.8621840507687856,
        0.012648751593584579,
        0.009654589977922755,
        0.007044823096350662,
        0.004092235707407254,
        0.009109992654811013,
        0.002843194435286991,
        0.0017002726493607933,
        0.004698070043069306,
        0.0187956151961281,
        0.006428710517413394,
        0.0132922215925769,
        0.005258702176826626,
        0.014809343994011659,
        0.004334710823209899,
        0.0058846369106031375,
        0.004585765320729773
    ],
    [
        0.013228114872397768,
        0.007318717369610627,
        0.019328671542005817,
        0.007814937808274355,
        0.005242322681308142,
        0.02577699961972169,
        0.03627162536923098,
        0.04070152667153479,
        0.02047595425846464,
        0.6783109869194919,
        0.003916536245087273,
        0.0057415044886769875,
        0.03072100997743721,
        0.016346460610934,
        0.014038803559910391,
        0.01746769726401103,
        0.016171434307390174,
        0.011823847655177498,
        0.015338222006677367,
        0.01396462677265751
    ],
    [
        0.020432521940366117,
        0.0014074469888385964,
        0.009069272086698303,
        0.0031456708968185167,
        0.0030529147831634146,
        0.05256822421504722,
        0.003698445733182814,
        0.009143164905847783,
        0.044576104797523296,
        0.004304540043085587,
        0.0030244189231949615,
        0.0035386671694134383,
        0.011521768529242398,
        0.06167553083409639,
        0.013442104176096056,
        0.0055573203654347885,
        0.0037262794643059855,
        0.6677372061079817,
        0.03816311971567683,
        0.040215278323985824
    ],
    [
        0.009328666805421227,
        0.0002511382027647274,
        0.0007628413845217991,
        0.0021407056300541123,
        0.0005219436943462325,
        0.08070940836238957,
        0.0012479373666077328,
        0.0013195396989553153,
        0.06480489157419862,
        0.0015171645823580738,
        0.0003812741116884661,
        0.001094589470777889,
        0.007254343922734776,
        0.6991605111734557,
        0.010589161770476332,
        0.00187467201334602,
        0.0019960462288992446,
        0.012110139872439314,
        0.10007296792671545,
        0.002862056207849346
    ],
    [
        0.05061703370228278,
        0.0030048278630419724,
        0.01640543283354716,
        0.01001419130187558,
        0.0072325470137849695,
        0.16806700506972536,
        0.011396752971502824,
        0.026949621538973408,
        0.09543853953679411,
        0.04670198519174902,
        0.006410437960449969,
        0.0064832657071769995,
        0.03337199534451402,
        0.19606228348614452,
        0.028064053865251903,
        0.021931808926310102,
        0.01028757937103939,
        0.14417490390135643,
        0.07749584561077562,
        0.03988988880370388
    ],
    [
        0.014898303894939215,
        0.0019042731096121054,
        0.02257610014262052,
        0.008429539460494375,
        0.004580624144746126,
        0.25523141437149355,
        0.02794503040296128,
        0.1372176403016574,
        0.17268139128196455,
        0.008791823272446087,
        0.0013593236107031022,
        0.002500706060158651,
        0.07757082463741292,
        0.02574122772881062,
        0.013501133310518477,
        0.007741735352147697,
        0.007176946295733678,
        0.05413710509459831,
        0.04315171727098776,
        0.11286314025599362
    ],
    [
        0.021801482785202626,
        0.07360011821428938,
        0.017992427552660832,
        0.020226077641843157,
        0.018661065177006223,
        0.03841429524253773,
        0.01755900950869021,
        0.02961975316659097,
        0.043889178376924305,
        0.01665263228094305,
        0.08862159240928758,
        0.21666690650493708,
        0.052176242769701224,
        0.03486779231236342,
        0.12383860458091944,
        0.04518602187187191,
        0.0682559687124062,
        0.028112004363818253,
        0.024319907715210073,
        0.019538918812796322
    ],
    [
        0.005585430475254499,
        0.000252219920459453,
        0.0009634867229031447,
        0.002937435089918832,
        0.0006032087149606492,
        0.7166072606408664,
        0.0022136349747642102,
        0.0026955415859350822,
        0.16760392635165242,
        0.0020419686738905596,
        0.0002984764449252486,
        0.0006285965402242586,
        0.015475612130885639,
        0.031606684239895134,
        0.006618091945258879,
        0.0025215767671078913,
        0.0018323149726076112,
        0.008446731472660323,
        0.027126401347412916,
        0.003941400988416612
    ],
    [
        0.012375170942405263,
        0.002503079321710171,
        0.007813166044541677,
        0.007510999476176988,
        0.003123741673229761,
        0.013158355642598827,
        0.021637871985596822,
        0.011348541684394267,
        0.008219147939163058,
        0.8391369245428958,
        0.0010307972012361622,
        0.002027017590922561,
        0.02284374989914696,
        0.008529605196453348,
        0.005345805515473597,
        0.0031296265117178802,
        0.008505657749625846,
        0.005218538710737431,
        0.008990421373417906,
        0.007551780998555706
    ],
    [
        0.05079725798536492,
        0.008245854560036566,
        0.03134910490417568,
        0.10833772633051515,
        0.06477071931809186,
        0.11532099469190893,
        0.027842242953063853,
        0.04827013570993884,
        0.07926122676664434,
        0.01706426351693697,
        0.008101425437308336,
        0.00951685450206201,
        0.06337115866713071,
        0.04597708837908529,
        0.02579863240191147,
        0.01382832544496405,
        0.015407374298983574,
        0.08862567416116232,
        0.054548220939562596,
        0.12356571903115254
    ],
    [
        0.007492016129213244,
        0.004072147634995229,
        0.7595402666201243,
        0.004250679817000813,
        0.015070193776138111,
        0.007600757271242792,
        0.017378958209211433,
        0.05658333806829689,
        0.006298644174066355,
        0.0060060840978017754,
        0.0014581997619508662,
        0.0017270835227537046,
        0.011849040710526438,
        0.004622931983811497,
        0.004100877504625698,
        0.0031221238526577947,
        0.0050032889510277945,
        0.014792662367429803,
        0.005108660365269273,
        0.06392204518185625
    ],
    [
        0.04186140622020191,
        0.0018066526274205794,
        0.034437017853523585,
        0.004139992947717675,
        0.003790829933845656,
        0.1250767866842146,
        0.012208877939620633,
        0.04020992617800145,
        0.06663742335979936,
        0.014691949150370268,
        0.002309242247697988,
        0.002927726143836411,
        0.034349955924329295,
        0.048155402425166347,
        0.014736246047616943,
        0.010998410944118096,
        0.006920556096919697,
        0.35569022808967116,
        0.04272454447796032,
        0.13632682470796803
    ],
    [
        0.009069713560311625,
        0.0023393787025845544,
        0.004388000780309378,
        0.014862740939526704,
        0.004000696989030202,
        0.058764411694404196,
        0.013602733813262439,
        0.015324379179499059,
        0.08226873314003404,
        0.005055774012493347,
        0.0019764357892525985,
        0.006658819245749157,
        0.1343501709187232,
        0.022374061914671582,
        0.2670939653423471,
        0.2648931652816365,
        0.05997594914263246,
        0.011713984790772866,
        0.013337362160141643,
        0.007949522602617453
    ],
    [
        0.001652186826094948,
        0.0025075505465516307,
        0.0012729624661730065,
        0.0010786494438239616,
        0.0014401354626598628,
        0.0026780964453900703,
        0.0007868974720489896,
        0.001640000715197745,
        0.002845217036284536,
        0.0010023309900708225,
        0.9562228940147284,
        0.007272085824115648,
        0.0017932731594746405,
        0.0023951350259282687,
        0.00367401512080661,
        0.003447888392995854,
        0.0014438421191563357,
        0.0033451577607821067,
        0.0017333737494689412,
        0.0017683074282476392
    ],
    [
        0.01949801909938658,
        0.008713719468138491,
        0.017658351245091197,
        0.012868739225715489,
        0.006896904588543479,
        0.11019795195605729,
        0.027823996058550293,
        0.05210200359563552,
        0.2031596037650352,
        0.021574653615904986,
        0.009951623287366458,
        0.025172503039750972,
        0.052975712458860263,
        0.09400241657094645,
        0.08469646179905661,
        0.056601980651426805,
        0.030119353247825654,
        0.04449064003052308,
        0.09417151005025283,
        0.027323856245932344
    ],
    [
        0.0047054176162686125,
        0.001070178418625342,
        0.819909045884891,
        0.0017950637461271192,
        0.005666633358660396,
        0.004863407323520688,
        0.006804095908867844,
        0.039291471270120205,
        0.0031632068069596536,
        0.003786691407850163,
        0.000541669442228486,
        0.0005556619146226202,
        0.0064681706914787316,
        0.0021406684734900927,
        0.0015363754947637122,
        0.0012963631207331052,
        0.0016327369676198576,
        0.009780080239351193,
        0.0023289942365853048,
        0.0826640676772357
    ],
    [
        0.02792037776457678,
        0.0013772567483995711,
        0.00582434943838323,
        0.011842281839576203,
        0.003407133557468543,
        0.27011503751257765,
        0.010064704868493504,
        0.012096769063372833,
        0.15509075445224538,
        0.010241354515207843,
        0.001195760577181192,
        0.003108513843706602,
        0.08958209405145338,
        0.19709898330652342,
        0.04240573948524042,
        0.0069810316749895985,
        0.012378429176480146,
        0.041731178513522066,
        0.07869398077226658,
        0.018844268838335038
    ],
    [
        0.00801124633582833,
        0.00028706353862314093,
        0.001170947063182104,
        0.0013269652350063404,
        0.0004246275544614961,
        0.7213475359360298,
        0.00202902734751851,
        0.0028018165610406978,
        0.14814411591208546,
        0.002604747749560196,
        0.00040407822878723903,
        0.000928447191573774,
        0.011727075843027006,
        0.028378895633989525,
        0.005560703093717338,
        0.0025314777270443738,
        0.0016624082135246597,
        0.011837963393270447,
        0.04403076915444053,
        0.004790088287288998
    ],
    [
        0.012518496199328714,
        0.0018771932920770566,
        0.0041829914328258,
        0.00891424984749304,
        0.003063666517144921,
        0.0815737958083017,
        0.006086242645743145,
        0.008773776272819172,
        0.1568432518288547,
        0.006504777664567221,
        0.0030396585033999842,
        0.007852616570612706,
        0.01616576082129451,
        0.3329518180235869,
        0.03007580384195162,
        0.008150575715925668,
        0.007453176919146434,
        0.030134886480700063,
        0.2628090597627551,
        0.011028201851471476
    ],
    [
        0.03165592375714401,
        0.13007473725467839,
        0.020217056522964398,
        0.026208203182006933,
        0.018860334202969408,
        0.02675008435494826,
        0.02622058731288311,
        0.020303124879981323,
        0.025600145036086625,
        0.023139255850004693,
        0.03339394878219989,
        0.2807056151210126,
        0.05754803345917073,
        0.021238076804670988,
        0.06792754744885698,
        0.03145434074696398,
        0.10000360747468989,
        0.020198648152944726,
        0.018722289701780286,
        0.01977843995404282
    ],
    [
        0.04245721473737913,
        0.007224686818666833,
        0.01378113473608369,
        0.02552484641216119,
        0.00949375628019532,
        0.09979629902127486,
        0.018587547354308613,
        0.022322697573134008,
        0.12772289873959103,
        0.012313023661494392,
        0.01075319136965661,
        0.02800551954467438,
        0.037134028354758326,
        0.10694112085983871,
        0.036147932277022676,
        0.013217916262529604,
        0.01851365969862188,
        0.05578013108438405,
        0.2768723324000571,
        0.03741006281416764
    ],
    [
        0.02367829291866416,
        0.0007542754133112693,
        0.003848099464453563,
        0.003511463623829517,
        0.001694964735382657,
        0.23179810910242205,
        0.0035742680925808473,
        0.006391595008336978,
        0.2355378649554956,
        0.002419437374327244,
        0.0015005172796988368,
        0.002936503256875309,
        0.017285960504895767,
        0.09695983397015623,
        0.01944439408319668,
        0.008066637432548963,
        0.004159578055740432,
        0.22336649000525408,
        0.09014118293203434,
        0.02293053179079531
    ],
    [
        0.02279377359284646,
        0.002566700773169745,
        0.4906723197390317,
        0.006255209116479066,
        0.007610517301984369,
        0.018049224158589634,
        0.08420469418293547,
        0.10242123236070146,
        0.011044527706288821,
        0.018614178853511874,
        0.0009971560684014784,
        0.0017235966738025422,
        0.048842282618874015,
        0.006924164127990511,
        0.00557654935443777,
        0.004476865985037133,
        0.009244385021691434,
        0.01827012552226679,
        0.008727868222093376,
        0.1309846286198666
    ],
    [
        0.016330261068233133,
        0.004712181185508083,
        0.018786144823550965,
        0.0385162565173241,
        0.012905910624731962,
        0.021185769205307025,
        0.14995645078263564,
        0.03167584796785296,
        0.01928536611459542,
        0.006892273475927715,
        0.0012626522323429955,
        0.004268792815247253,
        0.3759642328472236,
        0.00974775722498451,
        0.030336730543943147,
        0.013753286564837607,
        0.2034351319272563,
        0.010494291850010167,
        0.009885756278295117,
        0.020604905950192317
    ],
    [
        0.022551278245694518,
        0.0012474769388978993,
        0.0028996062928377795,
        0.008959460431058937,
        0.002600632111642404,
        0.1341050608772088,
        0.004582911043192185,
        0.005493251465400034,
        0.19446216362435362,
        0.0035559092916365976,
        0.002509128326508444,
        0.007248361881253821,
        0.03299542250914171,
        0.21589175020647558,
        0.21160689958325013,
        0.03396167776772971,
        0.01465044966756197,
        0.03877050387431649,
        0.052951159040612275,
        0.008956896821227026
    ],
    [
        0.007945257960559692,
        0.00042969353629520733,
        0.001278353481947178,
        0.001823910920394801,
        0.0007163913445869421,
        0.062175899279715806,
        0.0015821154629689145,
        0.002390037989958529,
        0.08598264179721472,
        0.0023650223903871367,
        0.0010422118645952746,
        0.002254616737806299,
        0.005926650735495013,
        0.6663828483822225,
        0.012741228802066119,
        0.004545418845666222,
        0.002361769544060433,
        0.02084260513009617,
        0.11326590744400633,
        0.003947418349956678
    ],
    [
        0.0213761877124486,
        0.0009089337396250382,
        0.002906972905950914,
        0.003548513640363537,
        0.0014611893956015557,
        0.052361866256086353,
        0.003442210096946643,
        0.00420791753069337,
        0.05051059827104117,
        0.00558320471060033,
        0.0013148635289241854,
        0.004018569026675597,
        0.014529793962441548,
        0.6436049466079607,
        0.02364195654674253,
        0.004310779604416873,
        0.0063465282858089726,
        0.02892570576016842,
        0.11940158825896746,
        0.007597674158536162
    ],
    [
        0.00499359935177504,
        0.0022193162794682817,
        0.8554935283616911,
        0.002026771911505533,
        0.008496208886793394,
        0.004008887905407752,
        0.006566316128284491,
        0.02062157818848,
        0.002997018514276607,
        0.0029157338438076273,
        0.0009480285504289932,
        0.0009098934613802075,
        0.005713957793044892,
        0.0021109914088162304,
        0.0018908736369225227,
        0.0015405522922775,
        0.0021085549598763346,
        0.009934072535589642,
        0.002370366016873505,
        0.06213374997330034
    ],
    [
        0.03587335266302434,
        0.0040772565696690615,
        0.019994178494965494,
        0.03422525829513035,
        0.009565492041537298,
        0.040600971695953156,
        0.20929913890093743,
        0.03612357516474677,
        0.027367493673356884,
        0.02148253228392643,
        0.0017983358866269677,
        0.0042377374664542755,
        0.3454839910600528,
        0.013250134288143579,
        0.02540288506447405,
        0.034857725808503534,
        0.08154822125128626,
        0.014417012775064781,
        0.014029798387377022,
        0.026364908228769596
    ],
    [
        0.006512966616044534,
        0.0017440484146763612,
        0.003525284147872543,
        0.007181874993111079,
        0.0022533828425488024,
        0.18161137398535632,
        0.0069394265766787285,
        0.014044545261987241,
        0.5676852333152235,
        0.005638567927994891,
        0.0027863117412254717,
        0.005435619249462295,
        0.019335221964170708,
        0.04397320563206384,
        0.022413297268850083,
        0.015568521813603603,
        0.005313051489957362,
        0.017917157675961047,
        0.06026321683439375,
        0.009857692248817674
    ],
    [
        0.004998705786384394,
        0.00018132304931946285,
        0.0006167662318667522,
        0.0013439580673159461,
        0.00033043844378013575,
        0.027566011152848024,
        0.0011563247908745115,
        0.0011145792498433093,
        0.02723784476873268,
        0.0012670342846427423,
        0.0002522641678715909,
        0.0006711174857758081,
        0.003232843048455868,
        0.06506507365965826,
        0.002625274693309356,
