[
    [
        0.0038685033751113328,
        0.21822249359574641,
        0.4404561490006984,
        0.01466463579896755,
        0.044768135085687576,
        0.08096545635826355,
        0.007067100314534763,
        0.04025917159936928,
        0.016398961694094952,
        0.013870134820490591,
        0.001259575486626884,
        0.04788183845630431,
        0.03648809152406537,
        0.03382975289003914
    ],
    [
        0.0004004504950938812,
        0.9226379231229845,
        0.018120599963412844,
        0.002958957800196906,
        0.0191600169970272,
        0.005445695239547319,
        0.0007918802320401913,
        0.008935068140953059,
        0.0025025579202944803,
        0.0009257832273308754,
        0.0004429159552356781,
        0.005328994706488971,
        0.009300859049507004,
        0.0030482971498869867
    ],
    [
        0.016865847162423606,
        0.2817563437018664,
        0.07012304829354475,
        0.03332793432164038,
        0.03702762845066884,
        0.0628114028639542,
        0.011275836172483435,
        0.15156013426952156,
        0.055586363533119916,
        0.03568793904248462,
        0.015969998140216813,
        0.06839020072288797,
        0.12563404904903633,
        0.03398327427615124
    ],
    [
        0.00015132488261423418,
        0.9650996633108724,
        0.004193790329183508,
        0.0011964583320739056,
        0.003002821020444176,
        0.002263619626238165,
        0.0003086027083320612,
        0.00604388090037318,
        0.0013933384567456674,
        0.0004492355570721393,
        0.0003065426518545407,
        0.0021880414779472113,
        0.01256222248626184,
        0.0008404582599867042
    ],
    [
        0.004877175602664436,
        0.09407326753392158,
        0.02647934726154809,
        0.04411840673195082,
        0.007995078701114076,
        0.015081113736862772,
        0.0024494838283934685,
        0.114351400678766,
        0.03211896485959245,
        0.004739899791193096,
        0.005216331535303585,
        0.007911493397870726,
        0.6319858407031991,
        0.008602195637619828
    ],
    [
        3.0855215581755316e-07,
        1.0179390810431593e-06,
        3.4957116934274427e-06,
        3.135972809960069e-07,
        2.4671755551226184e-06,
        7.905827757037125e-06,
        0.9999674876092663,
        4.937197316916676e-07,
        8.470960902105429e-07,
        9.849578511857757e-06,
        1.9298173426236932e-07,
        3.1509198754111044e-06,
        7.031612115119003e-07,
        1.7661300556688464e-06
    ],
    [
        0.0018959400314447167,
        0.040237048584930525,
        0.014678268068488036,
        0.03225512222352183,
        0.00874096936112889,
        0.011475938559012138,
        0.004430918532086081,
        0.07857811741439585,
        0.018901121550000313,
        0.005299082881091449,
        0.010573817389920453,
        0.006252062570837873,
        0.7622319457492489,
        0.00444964708389294
    ],
    [
        0.0010525668491185203,
        0.00996512159395139,
        0.916711545331391,
        0.0014407387204126924,
        0.011152434185259975,
        0.030236840377355505,
        0.0025849267478688536,
        0.002282388538900287,
        0.002983225997991055,
        0.0027639450679205566,
        0.00020665747231415313,
        0.004937656259017088,
        0.003087066376790469,
        0.010594886481708393
    ],
    [
        0.014403405838774079,
        0.028793188670985216,
        0.06524811227864609,
        0.009295412272000187,
        0.06552819310338767,
        0.08211527478618132,
        0.03225275260591102,
        0.010932960073485471,
        0.014795722170582873,
        0.027831511556718723,
        0.003593922606596948,
        0.10930359254136167,
        0.01047488205704531,
        0.5254310694383234
    ],
    [
        0.0005851801854570276,
        0.00736893873599762,
        0.058500926981588645,
        0.000424070152961252,
        0.003414281552960879,
        0.885068572459887,
        0.0022372766420469424,
        0.0011049152358818695,
        0.0037703486851253425,
        0.004907373953094874,
        0.00017041185875246238,
        0.02392809089319368,
        0.0019406462378838646,
        0.006578966425168181
    ],
    [
        0.025914199407722497,
        0.1338442118590838,
        0.09222258992418961,
        0.028615673625185273,
        0.045234997855232044,
        0.09763748488653716,
        0.0316626231696836,
        0.058448489120162796,
        0.09104883764684316,
        0.05300130858536285,
        0.05810593936628312,
        0.0661520525805345,
        0.18602962814064353,
        0.032081963832536115
    ],
    [
        0.0008974687290261168,
        0.02710634100339714,
        0.008560070342107047,
        0.008310668184749763,
        0.004100249288741736,
        0.007619468042655917,
        0.0025187268421061285,
        0.048703694241573926,
        0.012142575498899603,
        0.0037676131786347766,
        0.003618611728954369,
        0.004097955077077647,
        0.8665207367993565,
        0.002035821042719362
    ],
    [
        0.0003558765268441212,
        0.0007996172230284844,
        0.0021944020941784196,
        0.0002773990938835592,
        0.00093315381532622,
        0.005494011179523998,
        0.005486117870089671,
        0.0005802677829686049,
        0.0006384460221510854,
        0.9793126142031666,
        0.0001279943705958015,
        0.001742348781419751,
        0.0005964478962577677,
        0.001461303140565833
    ],
    [
        0.0008959325217928088,
        0.007152532226574743,
        0.009478331661354361,
        0.0007954753039718558,
        0.004727628846966336,
        0.015135945573575655,
        0.003126615350549744,
        0.0017326731513807264,
        0.0022737717133724973,
        0.004899967915903701,
        0.00035102784834877194,
        0.9405871638640962,
        0.0021190890654306815,
        0.006723844956681873
    ],
    [
        0.023706709607589947,
        0.013484448418647077,
        0.06866153853071094,
        0.006101434877881915,
        0.027512959713415906,
        0.02483773621859819,
        0.005438474713208327,
        0.004972119834781969,
        0.00610961745315336,
        0.006120640288337323,
        0.001102159323617648,
        0.012028924156057396,
        0.004694149090365551,
        0.7952290877736344
    ],
    [
        0.0003571802754654329,
        0.004870734507155573,
        0.9345262846115178,
        0.00030176339540968875,
        0.0032006246205422083,
        0.04197546000617542,
        0.0007538705325083982,
        0.0005513105780701409,
        0.0016182284481733433,
        0.0007786939807413156,
        7.735633758677e-05,
        0.003942867449380569,
        0.0009972442235722729,
        0.006048381033701122
    ],
    [
        0.0011257527668854792,
        0.012819890182270184,
        0.09550943045369568,
        0.001068714613973887,
        0.010381130984189043,
        0.7907129915432594,
        0.008345420845914036,
        0.00254456345791034,
        0.008127452163697762,
        0.012015283207462861,
        0.00038698144350734847,
        0.03606818942824533,
        0.003759887533616126,
        0.017134311375372482
    ],
    [
        0.02632732792061201,
        0.03227621265774878,
        0.38983373823565304,
        0.01203891260532464,
        0.03888762118615019,
        0.19496586617914446,
        0.03779383247062754,
        0.013787596245184644,
        0.06558675855537237,
        0.0263308557690031,
        0.0026800907712842487,
        0.0280624012227372,
        0.021294502147287918,
        0.11013428403386985
    ],
    [
        0.0008504411872581871,
        0.017377230001854135,
        0.006085950435845005,
        0.03727998443311871,
        0.004828759717806838,
        0.004151712723572156,
        0.0016380920636695137,
        0.8852206551983938,
        0.002865771323940746,
        0.004002226662624179,
        0.0015368530579334598,
        0.002757336820916956,
        0.028645524371249148,
        0.0027594620018172246
    ],
    [
        0.0003178356318999906,
        0.027495474182808278,
        0.004100733330634068,
        0.002559886355232344,
        0.001050820256282751,
        0.0022930109823370696,
        0.00033133241667207227,
        0.020620831442034162,
        0.005167456152800558,
        0.0005903628061139481,
        0.0004158442330463346,
        0.0011609198167743095,
        0.9331604363913077,
        0.0007350560020564827
    ],
    [
        6.356206354486657e-06,
        0.00016238154240587793,
        0.0002086933573854172,
        2.8634897887119423e-05,
        0.9991659038401243,
        8.862787801052952e-05,
        4.111575852360871e-05,
        3.494379623145086e-05,
        1.4952267034471907e-05,
        2.6870740931797506e-05,
        6.310400611200991e-06,
        6.82273541372613e-05,
        2.7839617245907712e-05,
        0.00011914234311671297
    ],
    [
        7.190308348634878e-07,
        6.0568143485141525e-06,
        2.967408708315114e-06,
        0.9999447063857745,
        2.9696973939355084e-06,
        1.407009834566233e-06,
        5.624254199304004e-07,
        2.708654964441026e-05,
        1.3048070209676196e-06,
        7.606635393204984e-07,
        9.06133022662218e-07,
        9.705085451736636e-07,
        7.4371724847022854e-06,
        2.145393428189756e-06
    ],
    [
        0.0013634727408785123,
        0.6798906300518543,
        0.1474878117602894,
        0.0073517804640051716,
        0.04093962415331872,
        0.029099515873906037,
        0.0027166922704913417,
        0.02897713067414009,
        0.009168318204336933,
        0.004397837307557039,
        0.0010271018005535782,
        0.00952384083832938,
        0.027528891297781494,
        0.010527352562558113
    ],
    [
        0.010384998254101479,
        0.2587478531737195,
        0.05174733545684723,
        0.029709329989147666,
        0.03341691632845953,
        0.05098681736349045,
        0.011851499692578447,
        0.13116213199270776,
        0.09640456089359263,
        0.0242678426329071,
        0.0264417631484672,
        0.0544355048920551,
        0.20062579992465535,
        0.019817646257270505
    ],
    [
        0.00014876092290159055,
        0.0009537405838290747,
        0.0021046760335326595,
        0.00019543720901970022,
        0.0009433800108859503,
        0.006576854382926647,
        0.004777784558103865,
        0.0005583786371869025,
        0.0005570847554870027,
        0.9797453788814063,
        9.746869113413146e-05,
        0.0019576708766741455,
        0.0006140862190792978,
        0.0007692982378325548
    ],
    [
        0.002361826534543273,
        0.013397141442296694,
        0.07402270035774011,
        0.0016322296150328474,
        0.007804686625584389,
        0.6953513209296767,
        0.0228340192401274,
        0.004255329850773283,
        0.015271667336497567,
        0.11152321448349073,
        0.000794593011857104,
        0.03206672818046872,
        0.008822734711776418,
        0.009861807680134827
    ],
    [
        3.9460008050892274e-08,
        1.7903315376029583e-07,
        8.67737199763298e-08,
        1.2761828558630575e-07,
        9.392315944877695e-08,
        8.888446104198995e-08,
        4.8147790727058474e-08,
        1.4255632847299402e-07,
        1.2246685707548336e-07,
        5.132982410521988e-08,
        0.9999985908984976,
        6.672287160363682e-08,
        2.9834182866243437e-07,
        6.38432138454033e-08
    ],
    [
        0.0034138019456042227,
        0.041479579728165135,
        0.20331957859967925,
        0.004621777992669292,
        0.09226279245727063,
        0.4009266229386853,
        0.06688161217099522,
        0.0094662040137114,
        0.017168151931545205,
        0.06810141969123625,
        0.0022763093802836165,
        0.04260046352776373,
        0.014066153487682434,
        0.03341553213470839
    ],
    [
        0.006031502483736127,
        0.027137868144293902,
        0.04659926955336532,
        0.005157429037263316,
        0.0051408814731274495,
        0.06283188776303947,
        0.005044832669658578,
        0.013639595363222215,
        0.7302859255061974,
        0.00928926457505105,
        0.0019392945637308472,
        0.013030455892797475,
        0.06439144252678804,
        0.009480350447728667
    ],
    [
        0.0009915269111588488,
        0.07064083380222791,
        0.009783305161407796,
        0.057110324525303686,
        0.006896228961795755,
        0.00448184173814146,
        0.0011023065970156838,
        0.7743032427176899,
        0.00539975883999414,
        0.0018076515029504588,
        0.0014127437494536998,
        0.003153840436487266,
        0.05970090982777826,
        0.0032154852285951013
    ],
    [
        0.0018804657842478403,
        0.01865003130625355,
        0.04252254716661573,
        0.0015555159157782299,
        0.016044672523969877,
        0.08895945435908394,
        0.015510562809421872,
        0.003121239173634014,
        0.012339845583817658,
        0.008855862893795514,
        0.0009014795843800287,
        0.7722183429387165,
        0.006038299017905893,
        0.011401680942379405
    ],
    [
        0.00273460160288536,
        0.09920667902017274,
        0.02428519085451782,
        0.01143145138377935,
        0.007296036533909529,
        0.015499900564391855,
        0.002670065657537936,
        0.036689456243573365,
        0.12235803469469891,
        0.003373971820052393,
        0.004342392739614958,
        0.008842339563425696,
        0.6564944094512039,
        0.004775469870236254
    ],
    [
        0.0036197142186206446,
        0.033390745335469915,
        0.021467303875022138,
        0.004430601763571857,
        0.005486838459474066,
        0.020567989847573173,
        0.003371339199552249,
        0.01022480015209396,
        0.8029735773376421,
        0.0037717713529188237,
        0.003741013765053426,
        0.010401036704186297,
        0.07185936833182786,
        0.004693899656993678
    ],
    [
        0.009362353794404272,
        0.016977304882871948,
        0.24861702966846788,
        0.0025826428224440022,
        0.010702547961832988,
        0.5218584507621981,
        0.01376296007196101,
        0.004330436169017923,
        0.09155866649013983,
        0.012913467698631003,
        0.0010962962516295946,
        0.025267212450189012,
        0.010490456704235986,
        0.030480174271976475
    ],
    [
        0.9999991364275626,
        4.8412992988157407e-08,
        1.214269670043377e-07,
        3.299858904152618e-08,
        3.348553990910471e-08,
        9.839232498773707e-08,
        2.5743021436915894e-08,
        2.8261351737382236e-08,
        1.0636289285513019e-07,
        3.555989044153181e-08,
        1.3077435319825572e-08,
        5.280969913735247e-08,
        4.1449061871785486e-08,
        2.2559267047339313e-07
    ],
    [
        0.0005169379946967306,
        0.0007230028921632286,
        0.0035673065758705827,
        0.0002784080162499122,
        0.0015145917583164795,
        0.0023646479304177915,
        0.00040588820058570964,
        0.0002582736134557992,
        0.0003306415795117964,
        0.0005084219320036194,
        5.756483423902171e-05,
        0.001041729043358873,
        0.00025725184344546,
        0.988175333785685
    ],
    [
        0.0019953312447356336,
        0.14418218718622014,
        0.4948786559758957,
        0.0033223433817971765,
        0.11209450039797168,
        0.13057895494394028,
        0.007181814543886506,
        0.008099221393836856,
        0.012264723838429572,
        0.008359807257690442,
        0.0010172032463319975,
        0.042185698652382954,
        0.01136585117961551,
        0.022473706757265538
    ],
    [
        0.00986010989939955,
        0.008507412476156568,
        0.01789073456095919,
        0.002024062209194745,
        0.0031203617926947283,
        0.027848329219372848,
        0.0037099922115698142,
        0.0033290573893364757,
        0.891401429857737,
        0.0044350430948873745,
        0.0015827436513358001,
        0.008705440294771305,
        0.010716549336650012,
        0.00686873400593458
    ],
    [
        0.0009078907421411353,
        0.0038695089066558075,
        0.037546807926451764,
        0.0004694436712513554,
        0.00411589432120605,
        0.8968095699001168,
        0.016657042142653948,
        0.0009114998794718699,
        0.005197162394172612,
        0.010516972669932921,
        0.00028719767131390984,
        0.01486132123714077,
        0.0019902517022443306,
        0.005859436835246609
    ],
    [
        0.13444411848538268,
        0.07837291558713338,
        0.15547118926022643,
        0.027994495379188217,
        0.07811707378273797,
        0.1063217362260597,
        0.03444863959415705,
        0.029295752553821146,
        0.04890759374152802,
        0.04338675555175539,
        0.0176139704820856,
        0.07129020169811887,
        0.04447726001913289,
        0.12985829763867265
    ]
]