[
    [
        0.04719889649384224,
        0.008657592334793438,
        0.0030214251194747455,
        0.007447769244439965,
        0.007860348294342059,
        0.12706429509521658,
        0.0029861154236521937,
        0.007593886044403906,
        0.047320709303446,
        0.0288660763531286,
        0.021048447552187793,
        0.013004251863099643,
        0.01254943389335728,
        0.034030532429303366,
        0.03497409777861191,
        0.05702998672275445,
        0.35763074300148373,
        0.18171539305246218
    ],
    [
        0.008965970745368743,
        0.5681160827750895,
        0.0019797449658204027,
        0.006702604747622305,
        0.014926011972077463,
        0.02526892905526339,
        0.003540509632686116,
        0.006349520054044292,
        0.0206407849465945,
        0.015430838943918574,
        0.018755796091806637,
        0.005232416704364518,
        0.19815596216346856,
        0.014133384051544646,
        0.0064217190491851345,
        0.03685362479003266,
        0.017772241538535,
        0.03075385777257757
    ],
    [
        0.03998357023360743,
        0.15249265283503932,
        0.002532691065371102,
        0.010480214755545907,
        0.010918908357920505,
        0.06938120879014086,
        0.006976919801378232,
        0.006623919751924593,
        0.021030120864240796,
        0.019591562708265155,
        0.06575706357467952,
        0.005369995313316999,
        0.25595004526006015,
        0.09481783228498872,
        0.011414341244991091,
        0.05113666758731031,
        0.07306158240964979,
        0.10248070316156957
    ],
    [
        0.009582586290561178,
        0.07695914172707696,
        0.004770554095198273,
        0.008639786935575981,
        0.09002757480295034,
        0.022208842070126102,
        0.04366297268196369,
        0.1495356418644552,
        0.16146958136312864,
        0.13025563608566146,
        0.02919001493986709,
        0.027635971662544622,
        0.02116922625588268,
        0.014969924844961305,
        0.013095587659926513,
        0.1435406359756523,
        0.02479214137657567,
        0.02849417936789193
    ],
    [
        0.028689500130704867,
        0.042653414993623504,
        0.0054911755537944175,
        0.04430849583552786,
        0.02018878066594025,
        0.06048390261890708,
        0.05369031016000302,
        0.016580660496983687,
        0.06566110844584232,
        0.10377609399934201,
        0.1051764993376731,
        0.03864212165029689,
        0.06906058282664401,
        0.05481854985212826,
        0.017056537761646843,
        0.05822016140697091,
        0.08414024648670912,
        0.13136185777726186
    ],
    [
        0.02513032223246917,
        0.0027556886090802746,
        0.0005713143775999518,
        0.0017707041157487531,
        0.0016054530571215837,
        0.03514460021797924,
        0.0014700871515814348,
        0.0017732286809524287,
        0.009041985838369728,
        0.00886276045203895,
        0.015843876836144157,
        0.0021577660781171106,
        0.0045850626598408,
        0.03845658962159996,
        0.005855766961478388,
        0.015053623537804293,
        0.7014791361706229,
        0.12844203340145097
    ],
    [
        0.00760124288028676,
        0.002788002618902706,
        0.0015023510495674865,
        0.9383607743448532,
        0.004502343867096542,
        0.010834289501197945,
        0.002248449628038275,
        0.0014250365082124667,
        0.003230922406430186,
        0.002298242201125929,
        0.002483985864311209,
        0.0016174132285481414,
        0.0028705071027583986,
        0.002784271447918935,
        0.0034681712542159893,
        0.003568481391838402,
        0.004353644793781695,
        0.004061869910915738
    ],
    [
        0.010322968841734906,
        0.007458633364748304,
        0.002639551375161243,
        0.007216030329407465,
        0.017204711818343446,
        0.02803823678604963,
        0.027903794257298508,
        0.03937987301134417,
        0.19918251468469636,
        0.3693171374610086,
        0.05487593749456024,
        0.08106208875137434,
        0.008460448598581555,
        0.01453267966478651,
        0.010712012901785129,
        0.02976276013600796,
        0.048748873711268584,
        0.04318174681184308
    ],
    [
        0.004932908311013344,
        0.00902475838975873,
        0.0007577652923832988,
        0.0017429050205500162,
        0.005410630205618293,
        0.023995848511881128,
        0.004353804577294852,
        0.005906358637517706,
        0.057125669000455216,
        0.09869115603791,
        0.5977511258647127,
        0.015766713505390335,
        0.020912572208251986,
        0.014515768536741185,
        0.002969287215152465,
        0.014596475424129559,
        0.04266410232335351,
        0.07888215093788574
    ],
    [
        0.006366090891618929,
        0.005822496774866525,
        0.0011694755716206864,
        0.0022503537791802196,
        0.016127671046509674,
        0.019843542640302907,
        0.00542531824349001,
        0.045857440275051904,
        0.46625031898834596,
        0.25980159896129085,
        0.022526853617689014,
        0.019746024582268682,
        0.004833170807783195,
        0.008112311803914031,
        0.0076399283409476,
        0.04440851731788281,
        0.034953714379745475,
        0.028865171977491517
    ],
    [
        0.008467669957712098,
        0.017024700446190092,
        0.001632561426584048,
        0.0035381987469786753,
        0.010760232995510577,
        0.05051550857100534,
        0.008590534833642256,
        0.01764116277705115,
        0.2056165738690294,
        0.1773402108064683,
        0.15664728852014398,
        0.02896165989599959,
        0.0352549592179885,
        0.01790610952921057,
        0.009588216251101834,
        0.027762419251037052,
        0.08995878998347621,
        0.13279320292087032
    ],
    [
        0.003210728751928702,
        0.0029231302854281598,
        0.002112514918285611,
        0.0017635019936314631,
        0.0045736505194064435,
        0.00758463224308524,
        0.002286326556800089,
        0.004326895714113811,
        0.015113057233332483,
        0.01772305852275321,
        0.010906523589690777,
        0.8881317664395112,
        0.004922041487483268,
        0.004565585190049136,
        0.00307923708496061,
        0.005936327265689215,
        0.008781450365368105,
        0.012059571838482394
    ],
    [
        0.001676712670002466,
        0.003137547951449081,
        0.0011709346652929926,
        0.0015063149565743262,
        0.010933088021347103,
        0.00479223414614472,
        0.008529043188258471,
        0.7894191624018285,
        0.09266056877685544,
        0.03835345703055615,
        0.004806290301282655,
        0.014527296463252758,
        0.0022412048913462105,
        0.0019258900538525192,
        0.005557793200434625,
        0.007937035165487483,
        0.005742142456024845,
        0.005083283660009815
    ],
    [
        0.007208818917788663,
        0.014871503860357353,
        0.0014903377111297725,
        0.003214214231850507,
        0.018154954576880482,
        0.017857202975613794,
        0.009066545428588658,
        0.014567306465320824,
        0.09408146451391815,
        0.47178822281856797,
        0.14072934530855716,
        0.05674348122911734,
        0.016747556292464463,
        0.0170581486505755,
        0.0038825310755228578,
        0.03834579843445241,
        0.026179170093954835,
        0.04801339741533927
    ],
    [
        0.027219125435745534,
        0.020595922518885163,
        0.007378122373012359,
        0.7107693958615069,
        0.025031655132203665,
        0.030526988531633003,
        0.011249399053137902,
        0.00913387731048681,
        0.017138975492080242,
        0.013070734647537125,
        0.01045732119753947,
        0.007640064222507332,
        0.014148265188640423,
        0.013958539996844,
        0.017031476450196904,
        0.028033039701647583,
        0.01842880397555409,
        0.01818829291084143
    ],
    [
        0.05872288755646148,
        0.001824513774284674,
        0.0005756650289920076,
        0.001496698692353388,
        0.0037883844717898764,
        0.8574023498907,
        0.000636033731025847,
        0.001222712506794002,
        0.0056733016665079135,
        0.002699627430456736,
        0.004255764264011599,
        0.001452296588146334,
        0.0026058736153554505,
        0.004924917812727102,
        0.005539126155709918,
        0.005642673576935446,
        0.025985873159775356,
        0.01555130007797265
    ],
    [
        0.01672716053284014,
        0.05924576579284992,
        0.002154187843742039,
        0.010146008648043377,
        0.03264549964772844,
        0.18303446993011688,
        0.01120123774082094,
        0.016980665265361808,
        0.14457465066436714,
        0.06523904814959253,
        0.09332066188633736,
        0.013923723856481699,
        0.08490597235909905,
        0.02108584222016562,
        0.013168241858678504,
        0.04605579531187352,
        0.07742724864094076,
        0.10816381965096028
    ],
    [
        0.0007425563650260387,
        0.9551711480134566,
        0.00031297296560363634,
        0.0005863681989500367,
        0.001262404586421854,
        0.0017538271035986025,
        0.0008242049040983103,
        0.0010819479359740064,
        0.002334813979003761,
        0.0019317771376688624,
        0.0021851678943431672,
        0.0007044924556811761,
        0.018108748049959846,
        0.0018704373456764126,
        0.0008023938094649197,
        0.00555908343543473,
        0.0019406017627139809,
        0.0028270540569242672
    ],
    [
        0.008577587019893432,
        0.0027428760828439747,
        0.006165173327592887,
        0.0036465929561718697,
        0.0025285289681080763,
        0.010177593575879836,
        0.0011502942169710146,
        0.0034282248298165307,
        0.004471005195527224,
        0.0022178631329344313,
        0.0017038919052401649,
        0.0018651207492458063,
        0.002532708652440937,
        0.00338403092884237,
        0.9247915174414884,
        0.005901301308870498,
        0.009390693973331346,
        0.005324995734801352
    ],
    [
        7.589131859318158e-06,
        5.425117447303729e-06,
        0.9998701285253616,
        6.544094799607456e-06,
        5.178902141610125e-06,
        1.0322230564542133e-05,
        3.5586491726429825e-06,
        6.126098533450464e-06,
        7.294010275553006e-06,
        4.796612642767439e-06,
        4.223666424429474e-06,
        8.121065748205261e-06,
        5.508631746711934e-06,
        5.8550757096448885e-06,
        2.45213570563824e-05,
        7.603734908151084e-06,
        9.578476691893773e-06,
        7.624618916416195e-06
    ],
    [
        0.0016510989412035397,
        0.0013893699917394027,
        0.0012660908439799596,
        0.000862613060204085,
        0.002115797478942484,
        0.003902674332696881,
        0.0018161972773757932,
        0.0026267311391334064,
        0.008585073888313026,
        0.009870834048475198,
        0.005812258765208929,
        0.9385781757594084,
        0.00201293014003771,
        0.0026143051575003846,
        0.0017451115359321642,
        0.0035464402611084587,
        0.005409826623144792,
        0.006194470755595563
    ],
    [
        0.006344121586929308,
        0.007487213144972864,
        0.0010128012887144092,
        0.002505142894280267,
        0.006873055532699315,
        0.013581262658233001,
        0.012764584775630368,
        0.013411771769994129,
        0.1021856835666441,
        0.5470719797662619,
        0.040717396539896235,
        0.01696106097956,
        0.006022819705194225,
        0.01734673962424094,
        0.004588301666062129,
        0.10064611370397872,
        0.04891068988096333,
        0.05156926091574481
    ],
    [
        0.029821858469174536,
        0.008992028820362204,
        0.003957170971898433,
        0.8103966372161125,
        0.011139773341336678,
        0.03386381904147454,
        0.004946686580201573,
        0.004221615365475203,
        0.008637634137305434,
        0.005690737779585928,
        0.006047842539875501,
        0.0030247643864977714,
        0.008217688296043952,
        0.008449017441452846,
        0.015244901255319486,
        0.011490912562514312,
        0.014082357606331489,
        0.01177455418903764
    ],
    [
        0.005720321845145274,
        0.001101315541768578,
        0.0001562481706648624,
        0.0002910647527660447,
        0.00024373424858970167,
        0.002962219439649747,
        0.00032259288744029146,
        0.00020839185351950856,
        0.0007256695090610832,
        0.0009098267932753187,
        0.004185381768859586,
        0.00038016101610842076,
        0.002230011979749472,
        0.9420195407383671,
        0.0005795170191646901,
        0.0030353597616086607,
        0.018095162777950664,
        0.016833479896310975
    ],
    [
        0.17282805396810497,
        0.02184578635037758,
        0.007774576889669006,
        0.007897780431733751,
        0.006485184699639606,
        0.057678034197969935,
        0.00503620665686261,
        0.005729799924397395,
        0.014572327811790145,
        0.012315387138560846,
        0.019205229896316442,
        0.007350099435964327,
        0.023143686418134975,
        0.244697400022271,
        0.03843532386769563,
        0.09133047962103567,
        0.16754445213823194,
        0.09613019053124414
    ],
    [
        0.004097373696555904,
        0.006303511663054374,
        0.00055336524606546,
        0.00169257571481543,
        0.004230984262865271,
        0.011724726157749901,
        0.005135889919831792,
        0.0027593901375380352,
        0.015990652667028295,
        0.04345936425929987,
        0.8112883575245078,
        0.00941758162654086,
        0.013864422548872253,
        0.012184462546717952,
        0.001426786712335262,
        0.008397029085431041,
        0.01542336185119754,
        0.03205016437959309
    ],
    [
        0.03868916033301332,
        0.03154878679489725,
        0.00389488089276384,
        0.004357079823556377,
        0.005595769254430346,
        0.03331387446054549,
        0.003277957188215802,
        0.004694219068926699,
        0.01626318091640461,
        0.019776748080950382,
        0.045666964435559294,
        0.009670694398373912,
        0.053165890014022964,
        0.36141095004124674,
        0.009830134432896178,
        0.08106406661031744,
        0.10802059453038423,
        0.16975904872349512
    ],
    [
        0.014288039221889341,
        0.02731231830232879,
        0.01378405080127128,
        0.007849104135397574,
        0.029396282647337017,
        0.054022622130012715,
        0.009695746165340044,
        0.1235658668867427,
        0.12554257070805233,
        0.03014985957683003,
        0.013308064598245802,
        0.018888963527508417,
        0.01707518226590282,
        0.012245429535540201,
        0.35816195150221575,
        0.05937678050147308,
        0.051763324658785734,
        0.033573842835126384
    ],
    [
        0.0027090444241389612,
        0.047320165483946686,
        0.000889418095033188,
        0.0016858732899679779,
        0.00212601977180779,
        0.00627856899381777,
        0.0012310809526655062,
        0.0016402262574556977,
        0.004955401199495179,
        0.005197808552790872,
        0.011621620182192913,
        0.0030567234809269405,
        0.8726504983069381,
        0.008151282580562936,
        0.00202991650535392,
        0.006467137257918218,
        0.007272009895659319,
        0.014717204769327983
    ],
    [
        0.0023721745997836293,
        0.004340816057270692,
        0.000868812322614971,
        0.0018835346776095632,
        0.014370353406967759,
        0.00910394493471551,
        0.004777479992447358,
        0.39050411300831994,
        0.46591886939015653,
        0.042077479638962016,
        0.004900601177099076,
        0.006589246947886558,
        0.0025512286832054623,
        0.0024071528667840144,
        0.009486468731108779,
        0.01946498317615347,
        0.0105295686694299,
        0.007853171719484678
    ],
    [
        0.0010275310275521205,
        0.9427561793938442,
        0.00020181188829190532,
        0.0006388787239834366,
        0.0016398278794979059,
        0.0026930257046316477,
        0.0008740062837981891,
        0.0009727765649149555,
        0.003288687926755127,
        0.0027464327674384457,
        0.0029452688624684977,
        0.0006084792343607835,
        0.011266570731848507,
        0.0026015910340497278,
        0.0007131733725530226,
        0.017535661761481396,
        0.0029278987799551577,
        0.004562198062575041
    ],
    [
        0.01824090240789271,
        0.04004353580529156,
        0.0017443257822999157,
        0.0037797735798138932,
        0.009083556978090528,
        0.022440386141578793,
        0.008894249715183112,
        0.007662431391917633,
        0.030414941762739,
        0.0568383621582818,
        0.06710126403908317,
        0.008802933579982072,
        0.02278890409335716,
        0.11140575603358778,
        0.005609061390154683,
        0.4230018774529392,
        0.06495342041777297,
        0.09719431727003391
    ],
    [
        0.0029333253328648547,
        0.007927361939838076,
        0.0007431871942786239,
        0.002027400764114855,
        0.008031649696706155,
        0.011112891521439391,
        0.017569766438745856,
        0.014204321572662725,
        0.1920025204772849,
        0.6012756353554616,
        0.031477441418014576,
        0.021862748598507214,
        0.007069509374428612,
        0.005965137423519785,
        0.003186180170079231,
        0.026142457007203006,
        0.019149658311192416,
        0.027318807403658177
    ],
    [
        0.005225562442380514,
        0.011007373851623002,
        0.0005421634388893239,
        0.0010409330513454797,
        0.003970614048913687,
        0.009703970853596464,
        0.0033600355778660132,
        0.003924770857439677,
        0.013446653470930324,
        0.009629452466087015,
        0.005966435004500191,
        0.0016804291046143053,
        0.003493975748008844,
        0.009655876341319937,
        0.003380060779415107,
        0.8779506567953422,
        0.02050167415672677,
        0.015519362011001016
    ],
    [
        0.8848322889784631,
        0.002238240684196329,
        0.0013791848723997766,
        0.0023632603043741737,
        0.0018644376380314775,
        0.03301563170332323,
        0.0010469472318195296,
        0.000927499565487307,
        0.0024470308278387054,
        0.001786188899142782,
        0.003289583039247877,
        0.0012231167705329489,
        0.0028340422178491937,
        0.01479829568491751,
        0.0071638151922038444,
        0.006501463147704685,
        0.020720806657031507,
        0.011568166585436045
    ],
    [
        0.016626012115310302,
        0.007383072688117035,
        0.002746994120960178,
        0.006651693055598156,
        0.029772961840154988,
        0.05242241915869352,
        0.020337102019631115,
        0.032879111513911055,
        0.22175250961779328,
        0.26915064453875853,
        0.07189286717139391,
        0.08631925054694341,
        0.009036313241308306,
        0.01605602699543069,
        0.011652221180666096,
        0.029914635418387826,
        0.06044701482589624,
        0.05495914995104532
    ],
    [
        0.013968343801419505,
        0.12392301849710538,
        0.003544870889594613,
        0.0065723606942646815,
        0.01494899740111979,
        0.028396836945049582,
        0.006930811011681497,
        0.015175949106921514,
        0.05828822558261334,
        0.09603498984807361,
        0.09803917175883889,
        0.02840200658762786,
        0.18733245809985663,
        0.0531517435134717,
        0.009878002020646473,
        0.08755014287210536,
        0.052054653038135536,
        0.11580741833147401
    ],
    [
        0.00233981238900359,
        0.003987077774298026,
        0.0019973554846738632,
        0.0021721448125673827,
        0.013566960741780175,
        0.006301306347400888,
        0.007566641724098739,
        0.8515376744734761,
        0.04504979880422148,
        0.016878219930725483,
        0.004472618858384355,
        0.008624243208217882,
        0.0028517201364667505,
        0.0022160491270809403,
        0.011865337242207768,
        0.007202727667766093,
        0.0062986004541381105,
        0.005071710823492449
    ],
    [
        0.007821634236534002,
        0.003108296827423404,
        0.00033150134211541173,
        0.0006684926362597049,
        0.0009621301731619341,
        0.010548734309938275,
        0.0009239778067585501,
        0.0008564048983342986,
        0.004861206237656682,
        0.009313033199395589,
        0.0927520216363046,
        0.0025410089837143556,
        0.008935022478909677,
        0.19975492870244313,
        0.0013378859301436026,
        0.01095261467124823,
        0.10299658973944482,
        0.5413345161902137
    ],
    [
        0.010324663645187374,
        0.004061100076822574,
        0.0070702045327666,
        0.0031246570649083876,
        0.005124873938860357,
        0.01914889506917904,
        0.0030138291471429285,
        0.0119209360783468,
        0.011770615038204998,
        0.004961262836085552,
        0.0036986191976119505,
        0.0036490873004858633,
        0.0036326344222908915,
        0.005130707246522257,
        0.8657439535756954,
        0.009535662313933475,
        0.01901732972887919,
        0.009070968787076375
    ],
    [
        0.002547035606439436,
        0.007362633696750222,
        0.00032047313737163744,
        0.0006681332859291607,
        0.002429277015930493,
        0.004922337814530044,
        0.001335129535570585,
        0.003027226565783133,
        0.010938724474744404,
        0.007856461980449085,
        0.0035998175939037256,
        0.0011244081690396396,
        0.002293942054225948,
        0.005265954511777294,
        0.0020870909927761115,
        0.9233379664719128,
        0.01145875096562073,
        0.009424636127245527
    ],
    [
        0.035737056871156046,
        0.033042844243649866,
        0.007297985068304135,
        0.01447914604436427,
        0.01317206469253159,
        0.04495525858690529,
        0.1919572455268084,
        0.016016335347558662,
        0.03741277469619056,
        0.055092286850721026,
        0.10597920162256566,
        0.024005136137885855,
        0.040095275049977876,
        0.10723902781956404,
        0.01854582500619454,
        0.05728267974920726,
        0.09995207220391582,
        0.09773778448249909
    ],
    [
        0.1404484699494303,
        0.01815354921894902,
        0.01580464828899861,
        0.4089769587234432,
        0.023530190957427314,
        0.08192511698023243,
        0.011701026004106186,
        0.011916479873782488,
        0.02192603921415986,
        0.01619684342353372,
        0.018372198384855584,
        0.010656990244929528,
        0.02052684135543872,
        0.03167015683683602,
        0.05672188495386343,
        0.02893862232015108,
        0.046415298157675665,
        0.0361186851121868
    ],
    [
        0.0044928800335150305,
        0.03965191191003332,
        0.001317631743797542,
        0.003106253725148823,
        0.025692280868842024,
        0.015766352600897253,
        0.00798415951624257,
        0.05020645726657236,
        0.3444609766324745,
        0.29506110507575056,
        0.03740028316697577,
        0.014746523838635815,
        0.017282467532421072,
        0.009377478122969282,
        0.005245246615931077,
        0.07844366637439736,
        0.021211503130282566,
        0.028552821845113163
    ],
    [
        0.05418883814340179,
        0.01546497333718583,
        0.008868628909493456,
        0.020880215629943535,
        0.08881057555527136,
        0.4127310992196321,
        0.007662125400792954,
        0.021689800190117937,
        0.06169056411308314,
        0.019638337259585376,
        0.015378586666289206,
        0.01605363415996282,
        0.01641203312829666,
        0.012406380121762704,
        0.11176400159435176,
        0.028702608978574937,
        0.04966967862673208,
        0.03798791896552236
    ],
    [
        0.00767516843035383,
        0.009332541671410148,
        0.003056968861672616,
        0.010190635670455724,
        0.7645005213661799,
        0.022618426280256048,
        0.01713601189585449,
        0.03116244147000231,
        0.041389893497217466,
        0.02009556781361648,
        0.010153600616467445,
        0.012918063147127384,
        0.006220635768980594,
        0.0043703606517450375,
        0.007747902914508064,
        0.013255712879849214,
        0.009020989139833175,
        0.009154557924470008
    ],
    [
        0.01615310740906121,
        0.09653316295742352,
        0.004324535303996345,
        0.01049463583614657,
        0.21499942935216146,
        0.04051266200220049,
        0.047115515112067435,
        0.04749262003593606,
        0.10468575497781495,
        0.06879819494121447,
        0.03150884588603307,
        0.016917003473206155,
        0.023196639461403136,
        0.017940346758355853,
        0.012317064501797433,
        0.18434301715235507,
        0.028963725954869877,
        0.03370373888395698
    ],
    [
        0.00958247670806441,
        0.054705808540167794,
        0.0017668903734947923,
        0.003276489544514442,
        0.004630158669945492,
        0.020075179406214363,
        0.0020303666918171158,
        0.0035597166562453524,
        0.012647834689962221,
        0.013779900864764244,
        0.038977347091196365,
        0.006705953959505263,
        0.6800304321009331,
        0.03345400888876975,
        0.005168398548795173,
        0.018488614599036994,
        0.028067357810772957,
        0.06305306485580014
    ],
    [
        0.002912224043694311,
        0.003618446801173753,
        0.00027607076217859845,
        0.0005292859317743045,
        0.0014090787625201777,
        0.006917710310743101,
        0.00129591395773106,
        0.0009661827642675786,
        0.005213392230821217,
        0.01057067354227056,
        0.8862405211665191,
        0.002874122030910865,
        0.009372777723699483,
        0.016011227752600478,
        0.0007315462691650838,
        0.005517199351757066,
        0.013214901209589706,
        0.03232872538858358
    ],
    [
        0.002153150440544096,
        0.0037206337627580795,
        0.0009239194592098697,
        0.0022015407571907343,
        0.005656601579399331,
        0.0038892996497609444,
        0.9086314094944284,
        0.006974540900746041,
        0.010480740549134114,
        0.01613404736012721,
        0.007983310764177487,
        0.006985269081663669,
        0.0027410735531176763,
        0.0032400457224618573,
        0.001860483157101567,
        0.006711734634201536,
        0.004662304789453995,
        0.005049894344523543
    ],
    [
        0.02879980314398701,
        0.02736673075163291,
        0.011903345219859937,
        0.38764685162927187,
        0.08232775993594914,
        0.05265129363594958,
        0.02448707383931709,
        0.03134829110017863,
        0.061759456479506966,
        0.052338160419999676,
        0.03190543452467959,
        0.035132935806900245,
        0.026775997210356325,
        0.019732535408559484,
        0.02317284702516551,
        0.03557989665973122,
        0.03179054503268441,
        0.035281042176270365
    ],
    [
        0.02999838231102861,
        0.15735025371549735,
        0.013995730471367394,
        0.13292108190266466,
        0.04168883752496419,
        0.07278429977161967,
        0.01601248025907078,
        0.023632450664002987,
        0.05911777820382841,
        0.038200480789480594,
        0.03260038827478523,
        0.019731062624545572,
        0.08007225105831411,
        0.03623824974963439,
        0.03215016529850299,
        0.10225925616376756,
        0.05321395742756347,
        0.058032893789362085
    ],
    [
        0.0103835054983857,
        0.02460537765045543,
        0.002221117952143911,
        0.007417357916845027,
        0.03275421463273863,
        0.03940691984134282,
        0.009269913392898956,
        0.09256374226161829,
        0.4201546704545194,
        0.11033176671761669,
        0.020263825325741003,
        0.012573099312263506,
        0.015783708650449563,
        0.010745002291155733,
        0.02861996391702216,
        0.07404895179351484,
        0.04581637891564616,
        0.043040483475642155
    ],
    [
        0.0526142867859344,
        0.026992261512306725,
        0.009601359640200093,
        0.015595799593476442,
        0.013388293510608669,
        0.06192273071674475,
        0.12434137871249192,
        0.01837612044724739,
        0.04125643790851512,
        0.04612898012840052,
        0.06401183060157865,
        0.022449786733331607,
        0.030104400647358153,
        0.10281446470080835,
        0.03635985213391705,
        0.06884664022237914,
        0.15705673828178224,
        0.10813863772291879
    ],
    [
        0.006142173833785572,
        0.3806109620871104,
        0.0011568503489773664,
        0.0025567926135906423,
        0.01039361817760748,
        0.017385664256889078,
        0.0048603973457507325,
        0.007838278539309948,
        0.02964819319451163,
        0.020455238380409534,
        0.015813574988057466,
        0.003813355095851935,
        0.026346813117709176,
        0.015194152719518914,
        0.004957934435357773,
        0.3998777530636421,
        0.02305828123900228,
        0.029889966562918084
    ],
    [
        0.029175914650160527,
        0.0033043058555867802,
        0.0007593160009029579,
        0.0012467018717445388,
        0.001384620674486329,
        0.016263298325181204,
        0.0013507575210846678,
        0.0014041754123157754,
        0.005683240830187172,
        0.0077113852584422046,
        0.02287059956390359,
        0.0029424399720400342,
        0.0058169852915911265,
        0.5100511353818032,
        0.0035858015875596815,
        0.0193251496644122,
        0.2321444580178792,
        0.13497971412071869
    ],
    [
        0.006966335108619125,
        0.002622159628706718,
        0.00029315104771114137,
        0.0005597598735834408,
        0.0004537208371728323,
        0.00437107801307679,
        0.0005068957091550568,
        0.0003527358737511188,
        0.0012323766359304228,
        0.0016531362642933246,
        0.008966255672559662,
        0.0007853821017156803,
        0.007130754863904006,
        0.9152988099384872,
        0.0008366593843877859,
        0.0047288193823108796,
        0.016882944128107272,
        0.026359025536527508
    ],
    [
        0.0006737442089052864,
        0.0013141134483163944,
        0.0002686863301987479,
        0.0006833181305310332,
        0.0014613602174950967,
        0.0011906447853617895,
        0.9738320187114545,
        0.0025405956198358997,
        0.003152318359450816,
        0.0037358444475232536,
        0.0017000814644688124,
        0.0010591940479475264,
        0.0007420615304737366,
        0.000989643172646906,
        0.0007355003681492868,
        0.002856078531040634,
        0.0015885147527188626,
        0.0014762818734814164
    ],
    [
        0.04743348433821787,
        0.020281070633492562,
        0.008730887979450512,
        0.006105160681956262,
        0.008455214540684635,
        0.05779406922979854,
        0.01283253029055792,
        0.008136827319479243,
        0.027532966491065805,
        0.03135494035553191,
        0.06247649735368818,
        0.04595525464948552,
        0.0352390120163259,
        0.1755327936318161,
        0.019904037773181633,
        0.06218850960212848,
        0.17831355190996864,
        0.19173319120317034
    ],
    [
        0.02150094773858514,
        0.0357878687718656,
        0.02535810811437443,
        0.041660935894753705,
        0.06713907040174477,
        0.03986513393837699,
        0.3403017813070472,
        0.05547964929701304,
        0.06426176957442331,
        0.05671803088872112,
        0.03692144907957391,
        0.034518062539287055,
        0.02342184999954621,
        0.021797830753003015,
        0.023481510453736334,
        0.04638837747852395,
        0.033169906293444955,
        0.03222771747597928
    ],
    [
        0.009719853691031873,
        0.5683518002000143,
        0.002382969190488404,
        0.006189030446664216,
        0.010749888152176354,
        0.021984697469975768,
        0.0072705650391869745,
        0.00957745062492416,
        0.01958028795613472,
        0.015996795599637768,
        0.027431037277991722,
        0.00481281968391396,
        0.1792439203806827,
        0.02209273337245837,
        0.008715358543787202,
        0.03336913390768227,
        0.023008086590148323,
        0.029523571873100913
    ],
    [
        0.004772981161719759,
        0.0017922699453604212,
        0.00030215132881769726,
        0.0003686632051838771,
        0.0005736799688820878,
        0.008756601184014641,
        0.0006395238043012146,
        0.000770391115963037,
        0.004010734375383359,
        0.004702445964579664,
        0.014186078430427095,
        0.0016449374374644652,
        0.003768019202063894,
        0.050353833652285324,
        0.0019384791234423554,
        0.008913671369040714,
        0.6516547036712848,
        0.24085083505978575
    ],
    [
        0.0018561100171803077,
        0.8867885552313335,
        0.0006770487245434991,
        0.001048514610253929,
        0.0028215614728715195,
        0.004646956483283531,
        0.0016238130627305872,
        0.0022840125837368407,
        0.005108599037078002,
        0.004075372855087438,
        0.006098389962119153,
        0.0014611916657259574,
        0.05249929870205152,
        0.0047006589586842005,
        0.001770525329282022,
        0.010650744585311097,
        0.004866287908455073,
        0.0070223588102717414
    ],
    [
        0.042993664322906494,
        0.02738243377971176,
        0.02450571897291648,
        0.24575311314452086,
        0.05407527812024556,
        0.07329154396252308,
        0.11897461432076296,
        0.03618657941586083,
        0.053291861577845726,
        0.03913343007419916,
        0.034277535939250474,
        0.028531450440892912,
        0.024046904405463213,
        0.027808400154396076,
        0.04303845944688621,
        0.04031043498471425,
        0.04775187330511515,
        0.03864670363178879
    ],
    [
        0.010315456068520594,
        0.005330498639223842,
        0.0006264159236355244,
        0.0010070827581232478,
        0.0009633944686681551,
        0.007248907334132329,
        0.001739562307666909,
        0.0008887368995846614,
        0.0028813922757464014,
        0.004365377816895211,
        0.02392663830771962,
        0.0018171876690193539,
        0.011669345297565718,
        0.8332910111117369,
        0.0017627684477881163,
        0.010424532145540425,
        0.03390217428301695,
        0.047839518245416046
    ],
    [
        0.06103103420551618,
        0.0518328676308941,
        0.009543195138742367,
        0.3769910236141354,
        0.03895566740443957,
        0.06880410875294078,
        0.014100495300209702,
        0.017123493256677464,
        0.03407887613483193,
        0.027165720506302598,
        0.02751276924850769,
        0.014958851531149845,
        0.049780162042328824,
        0.035862952069044086,
        0.03508463848424405,
        0.04750520223721419,
        0.04339499894424532,
        0.04627394349857606
    ],
    [
        0.06656570711453486,
        0.00614294497127384,
        0.0011980845776961703,
        0.002873558506209172,
        0.012084396675055833,
        0.693713598126255,
        0.0017799363171579362,
        0.0025958803552939814,
        0.01646658453602473,
        0.009545642789000648,
        0.017704316917407256,
        0.005166148341257202,
        0.008409418679040971,
        0.015613271996512752,
        0.005537483842401236,
        0.022394099635025845,
        0.053373575384851074,
        0.05883535123500168
    ],
    [
        0.1685070504997369,
        0.03275886842909906,
        0.052878708741947715,
        0.05681421343209124,
        0.029587767941198474,
        0.16062327749270439,
        0.014103818752046297,
        0.014681580679003887,
        0.03304811345338316,
        0.02349670165390544,
        0.03486973386796136,
        0.015523179576367676,
        0.03772617996410117,
        0.058868297890831346,
        0.05643980184031133,
        0.05059490079602667,
        0.0888401876819306,
        0.07063761730735331
    ],
    [
        0.012239970562415454,
        0.012602377572685312,
        0.0009831646202100688,
        0.0036739741688779854,
        0.00802736853961885,
        0.019672815246045534,
        0.004151399446202575,
        0.007171178781499195,
        0.03357254854093812,
        0.02835582666034615,
        0.010341941931076603,
        0.0038491113490381717,
        0.0060421365287358034,
        0.016086487397381787,
        0.007352817755501558,
        0.7463072296161624,
        0.04239829412742555,
        0.03717135715583905
    ],
    [
        0.007244158447094595,
        0.007238860394210807,
        0.0017522830468541988,
        0.006606545508115272,
        0.7288278293881905,
        0.03432087185740608,
        0.005497116143449839,
        0.025510319157899645,
        0.08479030918727812,
        0.023504962757822937,
        0.00815194790064797,
        0.011889259130759975,
        0.005496331361790498,
        0.003535525820346336,
        0.009139924558294963,
        0.014578726648086954,
        0.010659381400747549,
        0.011255647291003612
    ],
    [
        0.012379104318778488,
        0.001898646726218232,
        0.00035168035615768504,
        0.0011211367372997948,
        0.0029943633987033133,
        0.9285457871074898,
        0.0006112892731029399,
        0.0009261796216315731,
        0.0048939067338168675,
        0.0020848732764417407,
        0.0031986120348567433,
        0.0010238781415943664,
        0.002862954049588028,
        0.00264898914352369,
        0.003721867868781555,
        0.0038450378726908956,
        0.01497282195951372,
        0.011918871379810533
    ],
    [
        0.006072839411091673,
        0.018237791314984375,
        0.003608985737862558,
        0.0031603222379489575,
        0.03161428358430533,
        0.02443088739058556,
        0.00857484866957429,
        0.4143113154966584,
        0.27266595359268825,
        0.041172538400342275,
        0.010734752620008317,
        0.01546913233663507,
        0.009169863887984868,
        0.0064917550012487495,
        0.03838207282228025,
        0.050636877368633405,
        0.025616896607942658,
        0.019648883519225054
    ],
    [
        0.030077751461724898,
        0.10012360359558777,
        0.004152490730786796,
        0.00643128051076117,
        0.009394265796922378,
        0.03445138532437167,
        0.005070211323575932,
        0.007770372749535228,
        0.02573235462292071,
        0.03215322471941238,
        0.052984671910427585,
        0.012731943647588133,
        0.12683534450745917,
        0.16918593551458702,
        0.012129443325467566,
        0.1356148690911229,
        0.08082984677191753,
        0.15433100439583117
    ],
    [
