[
    [
        0.030583988798024462,
        0.012467824841436832,
        0.01134253650280421,
        0.00969198628780824,
        0.03498834305136962,
        0.009156660751601705,
        0.01500907806680264,
        0.001240433550051278,
        0.005284693352954693,
        0.030222177876179042,
        0.15819719505810545,
        0.0060471031869469795,
        0.08122875363112707,
        0.016239447998210817,
        0.07568120797970733,
        0.13929332858896148,
        0.014452090037901981,
        0.30801118790498716,
        0.04086196253501902
    ],
    [
        0.0026593511727537166,
        0.0015226692393171951,
        0.0024027976714451806,
        0.0036375325446478834,
        0.012536861438681888,
        0.0007796143845163769,
        0.0023518118310671466,
        0.0002530984917111556,
        0.0010898803882329541,
        0.012276867436623207,
        0.014141324083439448,
        0.0008277521020241894,
        0.007961865971777596,
        0.005969496786679599,
        0.01956758543062768,
        0.8390843953943471,
        0.006635771295873266,
        0.0626009039402691,
        0.003700420395965283
    ],
    [
        0.010857361518672642,
        0.002112357059541472,
        0.003983775410250308,
        0.912096503586873,
        0.01311887200300379,
        0.0021656353116609323,
        0.0019065390029324282,
        0.00144753836581382,
        0.0021028496646624366,
        0.0036911479205695642,
        0.0036365948378593973,
        0.0009387666807915141,
        0.004018147039611692,
        0.005183959657043571,
        0.003543211728637285,
        0.011666931169108705,
        0.008660513075034768,
        0.0052888716087362035,
        0.003580424359196546
    ],
    [
        0.0010407046586989248,
        0.0002296755354316462,
        0.0009017333219892257,
        0.0015767113581313325,
        0.010408660673051044,
        0.00019588818600556627,
        0.00042951293682557415,
        6.55770178764987e-05,
        0.00019777045581410768,
        0.002335008648673937,
        0.0017119583810200631,
        0.0001647324974391647,
        0.0014504952531342204,
        0.0021134824745521075,
        0.0022161836823336167,
        0.9600680677169533,
        0.005068627459304444,
        0.008952615712621527,
        0.0008725940301436362
    ],
    [
        0.01586388388707083,
        0.0018522050861771251,
        0.013937623522592943,
        0.005707442959408255,
        0.8503699851423631,
        0.0010883052525110983,
        0.002438741749866747,
        0.00033340804670588465,
        0.0014803164488802608,
        0.015620775297563855,
        0.0046169009859613,
        0.0006493006005774326,
        0.003433030604826846,
        0.012553696646319126,
        0.0032347130898899676,
        0.02117835896838954,
        0.030689152617097284,
        0.012154563145759356,
        0.0027975959480394394
    ],
    [
        0.0022149740576075634,
        0.001676936937760762,
        0.001095888965317358,
        0.0006695725746607253,
        0.0012236521163679786,
        0.01629000650412479,
        0.004958063566474622,
        0.0014680990355494525,
        0.0012939758902763465,
        0.0010342311987117016,
        0.00793136494422268,
        0.9088548686160112,
        0.01154920774990338,
        0.0015331043854727336,
        0.008452585827832457,
        0.0021827878527023313,
        0.0011561269351897596,
        0.0049460433350453446,
        0.021468509506768943
    ],
    [
        0.01985991188192351,
        0.002985841951818224,
        0.11437786091889524,
        0.008639154439175942,
        0.16847199910700683,
        0.004590765568788157,
        0.006899529290820276,
        0.0015651578067756979,
        0.0033516817091195903,
        0.06309119587002184,
        0.011618713547761454,
        0.003859455103663646,
        0.01023226605285145,
        0.04003613505629225,
        0.010893186850532989,
        0.047292288048248074,
        0.4405783679899869,
        0.030689864066951775,
        0.010966624739366134
    ],
    [
        0.00698016000575043,
        0.013878749235648314,
        0.003039179035295491,
        0.002245892401465485,
        0.007543862305197918,
        0.00555184877026477,
        0.022978592316523723,
        0.0007824619248424318,
        0.006412521831044697,
        0.007033747998811192,
        0.5165793936430373,
        0.007661131283802211,
        0.07138622628368792,
        0.006853561299534173,
        0.11422442905684597,
        0.020908889499332443,
        0.003723556988540791,
        0.14203535378497315,
        0.040180442335401606
    ],
    [
        0.046398778196003965,
        0.11464112082458643,
        0.01084306082532509,
        0.011672545752621005,
        0.017878176273793723,
        0.04572665465742223,
        0.06651493812032307,
        0.006111233099055694,
        0.013111328574077475,
        0.014634850916239318,
        0.12493380146055534,
        0.06764894462825216,
        0.15591561522451758,
        0.016224040385990943,
        0.10103772343372255,
        0.03780854044826777,
        0.009903281201478977,
        0.07051619518979285,
        0.06847917078797393
    ],
    [
        0.005712164289259926,
        0.0028188173895597347,
        0.000690321382905775,
        0.001292413142792206,
        0.0025507240820629397,
        0.004585201406897084,
        0.014300640900103226,
        0.0003477912464708688,
        0.00087103954405037,
        0.0008255146293443144,
        0.06534465500191539,
        0.004701103483172213,
        0.6450094789635454,
        0.0032390476568406085,
        0.048791861813726155,
        0.006620700740779046,
        0.0011761062472257834,
        0.024602143641859742,
        0.16652027443748918
    ],
    [
        0.04164474709226743,
        0.019935524181050372,
        0.031345533276133986,
        0.08383687084731306,
        0.08471605697320839,
        0.02742597999728619,
        0.03206586303778624,
        0.05541826499299523,
        0.1323054944392901,
        0.026070964298058535,
        0.04265180338013918,
        0.01914048606634883,
        0.041840488331776934,
        0.05857381789601022,
        0.045611772171802685,
        0.0628290125035655,
        0.08237463700040322,
        0.05543054161433949,
        0.05678214190022444
    ],
    [
        0.0074512340269071295,
        0.0008903639335781312,
        0.034819647116558626,
        0.004456724507126012,
        0.06575636204804604,
        0.001942507915058198,
        0.0023312261220945958,
        0.000677481231805076,
        0.001115709849451499,
        0.013689658738143979,
        0.00403747946733204,
        0.0014436506723051377,
        0.0039752143956782214,
        0.018432131283109564,
        0.003992704483463972,
        0.018188211266430436,
        0.8018264100596858,
        0.010024418747966914,
        0.004948864135258622
    ],
    [
        0.004736713675383277,
        0.0013726788312277134,
        0.0010234738062429533,
        0.0008003971175650465,
        0.000942172130117698,
        0.9383196469746429,
        0.0018662127525485095,
        0.002093250933907283,
        0.0008304152042729412,
        0.0006482500387623496,
        0.003316823867402097,
        0.01871974943085918,
        0.005289015749498248,
        0.0008398230475524286,
        0.0025184111248822156,
        0.0012270158740665979,
        0.0008114007675981417,
        0.0022148594167583514,
        0.012429689256712341
    ],
    [
        0.05010530227815117,
        0.029820661517000604,
        0.011561669719474633,
        0.02472261981148404,
        0.024452343696505008,
        0.05819613201458226,
        0.03834439873275836,
        0.009405920160323801,
        0.01349287587745724,
        0.013218280310433306,
        0.10127791262545065,
        0.04118613582940091,
        0.1947323876103089,
        0.0204655286708143,
        0.10661555201606351,
        0.059545831536365806,
        0.015480666595813816,
        0.07436870305906002,
        0.11300707793855162
    ],
    [
        0.004997500654074382,
        0.8606071771107583,
        0.0015227126266401248,
        0.0015665443102858391,
        0.002965501294538411,
        0.00320159291375904,
        0.011086129062428642,
        0.0006903770161755573,
        0.009408540883300773,
        0.0030894035395572336,
        0.03753488799061834,
        0.0036679417220574343,
        0.014187595427756366,
        0.0021888948182524066,
        0.015587680853767176,
        0.005539266552996826,
        0.0013018908915969787,
        0.014257782478891498,
        0.006598579852544564
    ],
    [
        0.00041531699000616114,
        0.0007845111707447577,
        9.64321748654865e-05,
        0.00011380096270114293,
        0.0004018014716549123,
        0.00022584970789608856,
        0.003272865930420396,
        2.914520895208212e-05,
        0.00019933787965047015,
        0.00018484478725935296,
        0.9087752268388435,
        0.000362106677067797,
        0.02774555553163383,
        0.000446935888073154,
        0.033278159389604496,
        0.0013849181215181184,
        0.0001514927692843595,
        0.018515824553834156,
        0.003615873945989903
    ],
    [
        0.004357340843273868,
        0.002162239284903332,
        0.0006408534948278402,
        0.0008577157898980275,
        0.001867681101490184,
        0.004096576962281818,
        0.015558947993963786,
        0.0002508502609108337,
        0.0005139585143828572,
        0.0008168896801892614,
        0.050471263828522475,
        0.0075721991138342675,
        0.7224598941244199,
        0.003001740597769337,
        0.04713540324064103,
        0.005179667383266078,
        0.000986477989814362,
        0.021979848382776702,
        0.11009045141283419
    ],
    [
        0.016639183909939542,
        0.045255314358718525,
        0.0058849191355704305,
        0.004099048310272412,
        0.01388903885002031,
        0.01372946740055174,
        0.2693238261434363,
        0.0017240503406290891,
        0.008879936648355924,
        0.009915241024874906,
        0.18586389676060786,
        0.03163581327158532,
        0.10520156779845093,
        0.02366841649595928,
        0.08729844765184508,
        0.0196599058656601,
        0.006911085132632583,
        0.08098635477781356,
        0.06943448612307612
    ],
    [
        0.010260051550437832,
        0.0007608728008831723,
        0.8942907117904578,
        0.0029239661946531908,
        0.011092461843496075,
        0.001672894781484957,
        0.0007656379313617423,
        0.00043767664641669276,
        0.0006314646468506575,
        0.03685675960765587,
        0.0021306722321740175,
        0.0007401610141052593,
        0.0017778393988773125,
        0.0019930306058744407,
        0.0016381697054652956,
        0.007471616654412362,
        0.018652443009093023,
        0.004124535159174279,
        0.001779034427126053
    ],
    [
        0.002877818154664119,
        0.00035718457273135385,
        0.004066444048668219,
        0.0018190187011434035,
        0.900869576360345,
        0.0003274958622554705,
        0.0007975232012371413,
        9.41774783868174e-05,
        0.00032179786938865945,
        0.005108273194130603,
        0.001719469066719327,
        0.0002268493191104218,
        0.0013611884853996893,
        0.009692461049847898,
        0.0014030113635250963,
        0.015652835291403877,
        0.04655717023271349,
        0.005577146910131313,
        0.001170558838198375
    ],
    [
        0.016200969929530143,
        0.02380838727483901,
        0.012556114233726134,
        0.010585230760616071,
        0.017441584022674057,
        0.014991060445471162,
        0.020757647266785445,
        0.004742081654120946,
        0.016841986304709865,
        0.03633361910365543,
        0.15459555840020978,
        0.026535431946876513,
        0.08041496437758913,
        0.01285899891897125,
        0.21982422376309696,
        0.1013995684579249,
        0.01369098866695025,
        0.1728545823442986,
        0.04356700212795437
    ],
    [
        0.020450411435601182,
        0.007636096279049611,
        0.11023515619449639,
        0.007212820890520734,
        0.04418869763260827,
        0.0039009983105266727,
        0.005023598456376493,
        0.0012656480443340688,
        0.004914214049997496,
        0.6635892910631405,
        0.012721717776182924,
        0.002803476839549574,
        0.007798793570791721,
        0.009351012763178504,
        0.008925539270439964,
        0.03279659369771566,
        0.02683399521894398,
        0.024510346927412083,
        0.005841591579134279
    ],
    [
        0.011483229674852305,
        0.004802051543476796,
        0.006525396438271205,
        0.008250799255485101,
        0.030673984750914637,
        0.0029335670015081276,
        0.007969081092801008,
        0.0006864705224552119,
        0.003108227354572644,
        0.02177331800071644,
        0.0720148927034639,
        0.0027526309969527762,
        0.03200116764668331,
        0.015818586556415524,
        0.06389156587350511,
        0.3446441867134682,
        0.014243208858154574,
        0.3392883033089488,
        0.017139331707354204
    ],
    [
        0.018872234866405005,
        0.004817413366718297,
        0.01413561520651717,
        0.5832270858596753,
        0.06286652165391995,
        0.005635300778904804,
        0.009079786494320579,
        0.0040219389395523475,
        0.004890698087726638,
        0.015400248545487372,
        0.011811434306878551,
        0.0038811999729630245,
        0.01451780887887814,
        0.06606290903313462,
        0.014877515532304203,
        0.05335075353940366,
        0.07808471380358548,
        0.020808470859186506,
        0.013658350274438312
    ],
    [
        0.017006992476034363,
        0.0030657733828367882,
        0.00411426707595316,
        0.003857629249283815,
        0.004243009141492351,
        0.6891740787467912,
        0.006568912624299117,
        0.005973655478117234,
        0.0022150597592701976,
        0.0026576797406112572,
        0.014576135597941327,
        0.0724473265870235,
        0.030053623569608733,
        0.004206292470665327,
        0.013797734897505005,
        0.006837523874343538,
        0.00433663012253272,
        0.01170830248754465,
        0.10315937271814565
    ],
    [
        0.007573157048768604,
        0.002478674409591536,
        0.001362789271102762,
        0.001845440111415757,
        0.0032623046171511225,
        0.027528519765621037,
        0.01267865472520168,
        0.001307207602398447,
        0.0017983942720604792,
        0.0011819034789994855,
        0.021366734832748212,
        0.0183178217551353,
        0.05825874513747037,
        0.004543678256103769,
        0.01771730106480668,
        0.004798262156584145,
        0.002230024689406643,
        0.012980807875029272,
        0.7987695789304047
    ],
    [
        0.058957448028226105,
        0.02362927595322087,
        0.07115668021945122,
        0.057128761608132635,
        0.11875749507803472,
        0.02218867623208157,
        0.033628166027235305,
        0.021360983765253003,
        0.035397645833350914,
        0.056164423818287956,
        0.03838494395572532,
        0.021106625786014053,
        0.03742122868373649,
        0.06960414217203728,
        0.04145631644732605,
        0.07955544242887011,
        0.11743400538318734,
        0.060230880899153336,
        0.03643685768067566
    ],
    [
        0.01034886149207929,
        0.007142861260605309,
        0.0030222304977286047,
        0.0041146030244616485,
        0.006247154801230092,
        0.021105257763116773,
        0.026967291322712486,
        0.002559847926344589,
        0.004636086343040761,
        0.004010834805705607,
        0.10117191545166727,
        0.06200483560737559,
        0.18312184093538977,
        0.009107627706639051,
        0.1661797089997352,
        0.01822693790420401,
        0.004735933459181508,
        0.06821520613973146,
        0.297080964559051
    ],
    [
        0.079381698238316,
        0.011754398682652984,
        0.014249201250034477,
        0.011551919296028395,
        0.11773456260061323,
        0.012490190848332892,
        0.09400457430332747,
        0.001704449987961604,
        0.004835425939541128,
        0.012478386896431748,
        0.052217554363428426,
        0.01027485948973203,
        0.06847303587867495,
        0.2575639075594816,
        0.03505819037427931,
        0.04092249798520451,
        0.032775537400495755,
        0.07529131170420757,
        0.06723829720125585
    ],
    [
        0.0157978087785456,
        0.0035345589845719957,
        0.06183567597724491,
        0.01578347365113226,
        0.12154850272998828,
        0.002580413807109637,
        0.004287368180718067,
        0.0008444040553134871,
        0.002455557232684159,
        0.4823716305000414,
        0.011515208314101263,
        0.001868376407927583,
        0.008112938439188396,
        0.020607546962899567,
        0.009884284548018984,
        0.10470540913429988,
        0.0956458760119877,
        0.030636396019850902,
        0.00598457026437592
    ],
    [
        0.011134383817971097,
        0.011747948445981659,
        0.00409714761621991,
        0.008672705229430153,
        0.0123372657062401,
        0.015605929493003715,
        0.07145912902699483,
        0.0035052930728841697,
        0.006798272879034158,
        0.0059763024813691695,
        0.09178504277504221,
        0.038572034991952525,
        0.23531983819318356,
        0.025798512539655136,
        0.21112993394970048,
        0.035654082219097265,
        0.008667499316243079,
        0.0639143490282014,
        0.13782432921779544
    ],
    [
        0.006956271675539278,
        0.002154140402664918,
        0.007783788875629839,
        0.009196995194429037,
        0.21922103098196236,
        0.0015142303893048838,
        0.008049572713841196,
        0.0005610162626622645,
        0.0019665419398498325,
        0.013748498816901048,
        0.009150433777949314,
        0.0014931915531554497,
        0.008087900575734178,
        0.5334909398317422,
        0.009759861246344636,
        0.04886509895309688,
        0.08694418258754164,
        0.0243946247725816,
        0.006661679449069422
    ],
    [
        0.0035201965940972186,
        0.001703024126065416,
        0.0021590217782834664,
        0.004593299951804157,
        0.022858999322828415,
        0.001197436191616531,
        0.01282042398127437,
        0.0004598612284839701,
        0.001428048608562906,
        0.002987701562339724,
        0.006283812422820537,
        0.0014496834308858103,
        0.007116193397457006,
        0.8824805895851374,
        0.007628096165621116,
        0.011859642062697687,
        0.01203898301276777,
        0.011003848361654738,
        0.006411138215601788
    ],
    [
        0.0018943779221806416,
        0.003309751429987017,
        0.00041414806664831684,
        0.0005325658743087858,
        0.0016683748958328333,
        0.001514673873931864,
        0.8632020135410132,
        0.00018816570780015433,
        0.0008605416719641264,
        0.0005682015346637782,
        0.027105684334931462,
        0.003276306782116029,
        0.036713775631731636,
        0.004640662625126884,
        0.016451258397244286,
        0.002270509477861313,
        0.0007217391997044093,
        0.009933061117146246,
        0.024734187915807143
    ],
    [
        0.04603107863334847,
        0.3972472475417451,
        0.012381335534742683,
        0.014396436188465407,
        0.030043856266886333,
        0.021525368450818413,
        0.10121441980478335,
        0.006223402397945355,
        0.05286691967576173,
        0.01529794651839678,
        0.06164611402565053,
        0.01856539685038111,
        0.04764046235686607,
        0.026836904070993844,
        0.03651860059774627,
        0.023451340207564158,
        0.012226502441223029,
        0.04107334892532999,
        0.0348133195113512
    ],
    [
        0.03291376699301711,
        0.41442802882072305,
        0.005025261014281757,
        0.0043220766110064306,
        0.009724551332905897,
        0.01773152173527702,
        0.040448811040478705,
        0.0018335246278030673,
        0.009421650832081354,
        0.008024606066340626,
        0.15576179049049207,
        0.01827877629610689,
        0.09581457178316612,
        0.006815718260737629,
        0.05853806845997608,
        0.019065835474244647,
        0.0040117403520426595,
        0.06317930711426287,
        0.03466039269505599
    ],
    [
        0.002804565698955348,
        0.0034244012682569675,
        0.0010572464681459426,
        0.0028215570460186023,
        0.004021392038002852,
        0.001975909166377663,
        0.009936762391518191,
        0.00047433175428996717,
        0.0019849602554470823,
        0.002454182092777294,
        0.11450596802771545,
        0.003111285328123482,
        0.07689847979887407,
        0.005989132531074227,
        0.6064656468990767,
        0.03237515657064645,
        0.002341926412197114,
        0.10184496964741269,
        0.025512126605089926
    ],
    [
        0.02568019995202023,
        0.021482314387989913,
        0.00668771150622752,
        0.011717998444418563,
        0.03554227925347015,
        0.011091710040342213,
        0.38929653544561976,
        0.0025992839584823325,
        0.008217592926019385,
        0.00761083811766072,
        0.04403182774122486,
        0.014453588569225975,
        0.061602031587747574,
        0.18564477904748658,
        0.039801739340132744,
        0.023307493525426028,
        0.014917931333770045,
        0.04177728041768936,
        0.05453686440504606
    ],
    [
        0.003330264177312586,
        0.0031679176885068077,
        0.0007596224444489534,
        0.000959555958514951,
        0.0020340207046465127,
        0.008694697680665059,
        0.04361352123937078,
        0.0007459878708450551,
        0.0017331975488640216,
        0.0008478102804647387,
        0.0434128593223661,
        0.044076843549219785,
        0.15584497106823858,
        0.0036635298138044726,
        0.04734840069448474,
        0.003891760952372419,
        0.0012536480875574188,
        0.015132352959442423,
        0.6194890379588747
    ],
    [
        0.0020904634327593187,
        0.012013699616595685,
        0.000986728244228711,
        0.0019483326379745934,
        0.0021220566858802642,
        0.0019359844143716548,
        0.00390885042638733,
        0.002068187062975576,
        0.9418533301311097,
        0.0014232210736327528,
        0.005943455808427215,
        0.0017826525830063305,
        0.003927633475601602,
        0.001652694829775929,
        0.004790117673428459,
        0.0027287439932423335,
        0.0012107146954254266,
        0.004131822179754419,
        0.003481311035422974
    ],
    [
        0.048858728822988265,
        0.0049898837511502606,
        0.1678194694677045,
        0.03836377718753488,
        0.29174901438655665,
        0.004102764575873609,
        0.0047238356945635595,
        0.0015970852691993918,
        0.003936333327814986,
        0.14543426852917268,
        0.010099438211569096,
        0.002216974054542802,
        0.008369416669781573,
        0.019662819675009657,
        0.008287807153596387,
        0.06582858137487681,
        0.14321944538743858,
        0.023901195082766474,
        0.006839161377859871
    ],
    [
        0.005866301674445311,
        0.8967773406906742,
        0.001246253174308708,
        0.002216475524741494,
        0.0027750324099708795,
        0.003426043703199235,
        0.010570149600754855,
        0.0008434279635359599,
        0.006178147561849922,
        0.002101405337530545,
        0.017921056514005523,
        0.003200883641722221,
        0.012835677703243906,
        0.002249969087799286,
        0.010811097274015294,
        0.004693958079208337,
        0.0011958929675415018,
        0.009121289105079809,
        0.00596959798637295
    ],
    [
        0.08739077356487765,
        0.03211893132238962,
        0.01690364475431098,
        0.021396474213191893,
        0.11869410850074588,
        0.01358077625697711,
        0.12225766131631248,
        0.002766593797542352,
        0.008873962975474397,
        0.019254223634237202,
        0.05073072917672549,
        0.011417300837894011,
        0.06078335652917709,
        0.19791719608793437,
        0.03851465821127256,
        0.0483768158113007,
        0.0310657939835982,
        0.07310530797243132,
        0.04485169105360669
    ],
    [
        0.2787216218527044,
        0.009145882099016402,
        0.06790442727741218,
        0.23089899505946462,
        0.07118745495290243,
        0.031129952056649403,
        0.008558189228657236,
        0.011359120316283722,
        0.007937463878432242,
        0.025180995170835063,
        0.019146741654260772,
        0.0077276444621410395,
        0.02338451715757718,
        0.018874599955864817,
        0.016514331831377675,
        0.052248122917511075,
        0.06506527451276649,
        0.029088725227069408,
        0.025925940389073882
    ],
    [
        0.0012335499287535413,
        0.005738013395791427,
        0.00027511712677066126,
        0.0004430837329555809,
        0.0010298634019835602,
        0.001025372152474095,
        0.9239087038237822,
        0.0001798227073438128,
        0.0009194409623042626,
        0.00040489605155601767,
        0.013490007125967126,
        0.0026110688365630747,
        0.018975442360148274,
        0.002448645905569253,
        0.011574830942111548,
        0.0015642141855459878,
        0.0004486337400542755,
        0.005370039835741558,
        0.008359253784583758
    ],
    [
        0.007810225975238461,
        0.0242837377106069,
        0.003283040837730293,
        0.002846310932908097,
        0.012135516462068795,
        0.004795546462674428,
        0.5223156784768257,
        0.0009956976643731644,
        0.006657770272914072,
        0.00638537593923336,
        0.10104141328693925,
        0.012476144372290844,
        0.062408709437725834,
        0.028633527040162813,
        0.07967196435270417,
        0.017753484998323153,
        0.005309696832339013,
        0.06948102997338743,
        0.03171512897155433
    ],
    [
        0.032312023227577556,
        0.006851157863260405,
        0.06917565292762036,
        0.047318593012641755,
        0.1774903606830914,
        0.005824341454745397,
        0.009523063041093804,
        0.0025167030074018967,
        0.005347106769910648,
        0.151587068205085,
        0.018148791938403467,
        0.004447138319702645,
        0.016309829270150022,
        0.05025887793437623,
        0.01916063196554375,
        0.14125547293488191,
        0.18004208903083804,
        0.049487218760063977,
        0.012943879653611772
    ],
    [
        0.021197184138202256,
        0.004422252863931502,
        0.003100939135095931,
        0.0021245953781429652,
        0.0026456110809132726,
        0.8822976629959838,
        0.003741063819629639,
        0.0036971523067180494,
        0.002135269790357701,
        0.0019077993332083656,
        0.007863507184851704,
        0.016916432970737902,
        0.011585180365376258,
        0.0017954465633626682,
        0.005281551673313119,
        0.003277308987842732,
        0.0019789181392554952,
        0.00568721120928224,
        0.01834491206379412
    ],
    [
        0.009141697008339559,
        0.765530878611173,
        0.0024699879379831316,
        0.003579693336430748,
        0.005405766963267814,
        0.0076653926907927295,
        0.04128609114161223,
        0.0021453777873581426,
        0.021503112675076316,
        0.003886933432070122,
        0.03453556179563257,
        0.009767261121539226,
        0.024219386386710798,
        0.005692373882418548,
        0.021654123449531916,
        0.007436533607026342,
        0.002534941333251572,
        0.01680073826649735,
        0.014744148573287964
    ],
    [
        0.01823926065737233,
        0.425607877851937,
        0.0048391823306523345,
        0.005430667678306699,
        0.01083382260391822,
        0.011274023517712698,
        0.061439866490140264,
        0.002045124522133266,
        0.018887727965141217,
        0.009990220838035031,
        0.14897899290798244,
        0.014672809852488707,
        0.06753851922687375,
        0.010289035117618198,
        0.06801732019351914,
        0.019875436228909655,
        0.0047578515071735475,
        0.06642777896188165,
        0.03085448154820391
    ],
    [
        0.010526460204328698,
        0.002303339147550717,
        0.0033100273718960744,
        0.9194020876566399,
        0.010733239595035438,
        0.002124278012166275,
        0.0020267217698731947,
        0.0013844461087077565,
        0.0018319130579196646,
        0.0032953085287237087,
        0.0034838833842682215,
        0.0009667093946257908,
        0.004088928045468174,
        0.0051924235817460505,
        0.003533733206274127,
        0.010469025581943597,
        0.006818812474189494,
        0.0050427396075443335,
        0.0034659232710987087
    ],
    [
        0.029338777540784542,
        0.004108927173423769,
        0.003859029581502834,
        0.0025208540150475777,
        0.003298051450505134,
        0.8539279804162604,
        0.004099618195236248,
        0.004735401165716859,
        0.0022466319290448643,
        0.0020358129685626994,
        0.009016124608002062,
        0.02223568119092751,
        0.014095983986369305,
        0.002091483822116875,
        0.0063827579770848455,
        0.004149154221181973,
        0.0025451515350697605,
        0.0066006941706475575,
        0.022711884052515483
    ],
    [
        0.006506509446864298,
        0.011530938098814197,
        0.003872688511979668,
        0.002372036903270625,
        0.007284723969476324,
        0.005319636870606437,
        0.014369614966867431,
        0.0009251966367831093,
        0.005344071180680424,
        0.010608711759275578,
        0.36965734628356245,
        0.010643252636482158,
        0.07111725573204268,
        0.005493627109890216,
        0.22695685775726768,
        0.03858846450130348,
        0.004279679987620295,
        0.17877428313631466,
        0.026355104510898238
    ],
    [
        0.002066880990557368,
        0.0002824232847521175,
        0.015727872142789364,
        0.003145037278181726,
        0.019936450250813007,
        0.0005170170112422852,
        0.0005151878673774464,
        0.00025533872238629876,
        0.0004088609119078613,
        0.0074944516912346364,
        0.0010978241825235148,
        0.00033738958028549544,
        0.0010074314081574202,
        0.003495145896390115,
        0.001120005738001783,
        0.008050895107341463,
        0.9308177024476263,
        0.0026201206118163164,
        0.0011039648766155454
    ],
    [
        0.008066828252872341,
        0.002314227748966444,
        0.13894765731430653,
        0.005666740101644759,
        0.04592370933303274,
        0.0023016342314014647,
        0.002847651820881329,
        0.0009514863500721476,
        0.002975904023257231,
        0.620264487496063,
        0.00754453192499003,
        0.0018244692606368973,
        0.004887457632081183,
        0.009288010286744907,
        0.006369080813436698,
        0.03381097845788694,
        0.08478570151385287,
        0.0168439640340578,
        0.004385479403814689
    ],
    [
        0.8244663926697403,
        0.009386762093667641,
        0.016145732010689754,
        0.00518822422957856,
        0.015306243326424579,
        0.02176953278319369,
        0.007213972235614335,
        0.0014871309248469203,
        0.002336882982489578,
        0.007499140957220899,
        0.012366517231575912,
        0.005678398377256589,
        0.01423564824716483,
        0.00600630995329745,
        0.007067980565498703,
        0.009694858223370685,
        0.006952334204685528,
        0.013945565563765574,
        0.013252373419918148
    ],
    [
        0.004052636869826159,
        0.0006415628452612656,
        0.008978978575614147,
        0.005117212005120618,
        0.5423065260897422,
        0.0005912015648473674,
        0.0014374843296756732,
        0.0002283506599304307,
        0.0006323360055191592,
        0.012243353651828704,
        0.0024756966182565665,
        0.0004596911738184117,
        0.0021781956414215604,
        0.02508558720816659,
        0.002478505183975423,
        0.029176826156763362,
        0.35223382972113093,
        0.007812398118336926,
        0.0018696275807644502
    ],
    [
        0.01583686772142949,
        0.012677070065885353,
        0.013570769894775701,
        0.0807767109747612,
        0.0553770925468804,
        0.010955972278772477,
        0.033928890144630124,
        0.009459590734198305,
        0.02684437938608742,
        0.026822467813123693,
        0.058388391173503994,
        0.013441775833569737,
        0.05654710572164135,
        0.10912972761632096,
        0.11287006271169713,
        0.15415952763874932,
        0.061272282218505725,
        0.09458177879883488,
        0.05335953672663272
    ],
    [
        0.008639331035581649,
        0.013740486917916012,
        0.0018607622054601504,
        0.0027833688345618455,
        0.0036436167044528924,
        0.03004001918810994,
        0.027461742679600918,
        0.0023999837542636334,
        0.005630786397461919,
        0.0023764722341117267,
        0.14741864118222206,
        0.08266827667560026,
        0.2411315995527128,
        0.004394002397041917,
        0.1281750686116178,
        0.009640799505841293,
        0.0023387112853036733,
        0.03470897742239273,
        0.25094735341574687
    ],
    [
        0.030669167109951764,
        0.016658475287212614,
        0.006037453872062041,
        0.006352624438963537,
        0.008672621825449207,
        0.2672799996882116,
        0.04606436648332773,
        0.010411689194092195,
        0.0069561647698666166,
        0.004538740749522591,
        0.03336811032961329,
        0.2883117833918562,
        0.06658707462187047,
        0.011794485369334501,
        0.0282520899922116,
        0.010289871729757505,
        0.006462575282004885,
        0.02028014720528539,
        0.13101255865940628
    ],
    [
        0.008953849814024183,
        0.0022656624532929985,
        0.056489971316265084,
        0.014601360136195028,
        0.08458079429419298,
        0.002788827033882008,
        0.004256882617657868,
        0.0014101489650403557,
        0.003028676127511784,
        0.10666712405334633,
        0.008632807489822328,
        0.00239801554636457,
        0.007028142818721774,
        0.030323678866322493,
        0.009349420083771938,
        0.060234463395211935,
        0.5685909317762546,
        0.021545215980862478,
        0.0068540272312592725
    ],
    [
        0.03449742103089168,
        0.6044104634920177,
        0.009717481378557678,
        0.007059848025239015,
        0.017844961646690086,
        0.013331945701516726,
        0.02604089906979645,
        0.0027762001196054093,
        0.03817234100679454,
        0.01542811934638666,
        0.06717937695422305,
        0.008939855412781009,
        0.03245453319047741,
        0.008681242081991804,
        0.027457236780447182,
        0.02028428608295361,
        0.006696482506843197,
        0.03962060375191349,
        0.01940670242087333
    ],
    [
        0.03022168635972121,
        0.0022773126026820706,
        0.016100653986978256,
        0.01857153684106583,
        0.7718259804207013,
        0.0016722689362868737,
        0.0029407884392117357,
        0.000578739769483268,
        0.0017748611494936024,
        0.013116134223053267,
        0.00572390936503686,
        0.0009319535414076301,
        0.005174524268317423,
        0.015236392432108283,
        0.004648321235140619,
        0.0409962088795888,
        0.04981126545774754,
        0.014366921599021735,
        0.004030540492953619
    ],
    [
        0.011393948334849198,
        0.007131292252882422,
        0.007424628348739206,
        0.01480730825479972,
        0.04108499151827977,
        0.005674546483465795,
        0.05607379230774141,
        0.0017856262131220081,
        0.004493200520459266,
        0.014188530441895896,
        0.047708868637197574,
        0.009709649781292434,
        0.05948133531929233,
        0.384512374441463,
        0.08876216666879129,
        0.08929396898710827,
        0.03101086130789576,
        0.0852007886722065,
        0.040262121508518184
    ],
    [
        0.010650213367167208,
        0.00428585227349147,
        0.0015082157464724872,
        0.0014621228414269034,
        0.0016587678140295875,
        0.8914819406696619,
        0.0039498443945962395,
        0.0026036105874568567,
        0.0016918517828705866,
        0.0010973380454231576,
        0.007810477314844543,
        0.023015554856365462,
        0.0130694178394865,
        0.0013658618416581955,
        0.005240185989318686,
        0.002313177257308736,
        0.0011790800737109545,
        0.004383486403719758,
        0.021233000900990635
    ],
    [
        0.01181893157469803,
        0.04973341297892803,
        0.0027746982840233503,
        0.002904315185124555,
        0.00813060897893898,
        0.00452932831962051,
        0.019449733441021768,
        0.0006515373981283648,
        0.005485433181847028,
        0.0064039827641495855,
        0.5446376040554778,
        0.0046728496047269506,
        0.07359636039657508,
        0.005311811207201426,
        0.08615150885581613,
        0.025565281203423676,
        0.0029471729759543448,
        0.12437914324094848,
        0.020856286353395953
    ],
    [
        0.01696148362373859,
        0.004901846494701016,
        0.007502510361030193,
        0.6924172172860235,
        0.024521396978877025,
        0.006856963144078158,
        0.007536049903033815,
        0.004141211400652713,
        0.004370822208379114,
        0.009947475530889854,
        0.015819959710729362,
        0.004363081949084558,
        0.021492539421543035,
        0.023275565114729373,
        0.022897039425772592,
        0.06371113762936699,
        0.024304269738695157,
        0.02613375295869079,
        0.018845677119983917
    ],
    [
        0.1887653653938307,
        0.019566359970488407,
        0.041588132195583,
        0.1399716809918887,
        0.0430257193905116,
        0.12117504438798939,
        0.0187437512605161,
        0.07669313504570434,
        0.01654543327242699,
        0.019982745230277144,
        0.028607219806647297,
        0.025767743641116482,
        0.04119143590157244,
        0.02501934204201865,
        0.026973345838416204,
        0.03896298700212308,
        0.041014645484749535,
        0.03295053225349566,
        0.053455380890644236
    ],
    [
        0.0018676662647066776,
        0.0028970809810104224,
        0.0006402705376216258,
        0.0014481302365590566,
        0.003291715563075863,
        0.001106274126917181,
        0.01746979919488593,
        0.0002788006257720521,
        0.0015465846367412673,
        0.0013238560808321183,
        0.10234943914965942,
        0.0021549160506905527,
        0.07082949744570685,
        0.005993891980878726,
        0.6792356083845515,
        0.018461829200480548,
        0.0015369955475168994,
        0.07116305784895309,
        0.016404586143440158
    ],
    [
        0.006993817140628756,
