[
    [
        0.08360475840025146,
        0.0032355518454111206,
        0.014461492751821535,
        0.00468673077203459,
        0.007665065506321246,
        0.0028244755730504234,
        0.005243784556867617,
        0.004049012864965582,
        0.0022359431104200383,
        0.006010179214700687,
        0.8335775960545609,
        0.007802832763775264,
        0.005082130487173803,
        0.002566329683822816,
        0.004228101499470782,
        0.005104586393063435,
        0.002742659549129254,
        0.0048787689731593625
    ],
    [
        0.01735344015604311,
        0.0038757220303427473,
        0.07213179489940211,
        0.00271150334899409,
        0.8214113392086722,
        0.004074465030415635,
        0.010426223917695446,
        0.003462213908944234,
        0.0027968150700336796,
        0.003738997767901992,
        0.01904844697352506,
        0.00405722231098422,
        0.005266002625448306,
        0.002967491139244393,
        0.005694264553481217,
        0.012969721992894258,
        0.006268852650443874,
        0.0017454824155333675
    ],
    [
        0.012143006631510958,
        0.0042488678786670245,
        0.053999458109536644,
        0.0036763118276836137,
        0.8486360237860604,
        0.005130417013093634,
        0.010263700730199471,
        0.0031196903036914874,
        0.0023836138269268214,
        0.0029472647849522384,
        0.012064839831355267,
        0.004021285602616043,
        0.005380909081824251,
        0.0028883440043925303,
        0.006153698675885405,
        0.013506908164414686,
        0.007522924406008854,
        0.0019127353411804127
    ],
    [
        0.03989570453136775,
        0.025241739563555476,
        0.0053183278031259445,
        0.001679118116513636,
        0.007646745015532474,
        0.026199565875533237,
        0.014035506430233146,
        0.003951417560285847,
        0.006111180790882874,
        0.0037664384067819376,
        0.009662086642341762,
        0.20608375003328355,
        0.016560280097028954,
        0.5303250105348021,
        0.05964538017036977,
        0.03069509973246014,
        0.010570953363681948,
        0.002611695332219552
    ],
    [
        0.02871028023238751,
        0.14599768449390743,
        0.012353568637288221,
        0.004535022891493102,
        0.018047440111416332,
        0.00940018714380501,
        0.011067898561766324,
        0.3200067866037414,
        0.01042083941186455,
        0.11038427638587683,
        0.016129109982559287,
        0.040101130449186305,
        0.019374076424757098,
        0.015840520074270545,
        0.1560221589697502,
        0.01595529286859239,
        0.04887131201095558,
        0.016782414746382042
    ],
    [
        0.03436956497103585,
        0.05796710227284566,
        0.009997017555125992,
        0.0018305370747516135,
        0.011989313487145214,
        0.020860335818140383,
        0.021978054398488846,
        0.009092450662872049,
        0.0043536921329679155,
        0.005905454667581657,
        0.006864885423248406,
        0.029867589642214018,
        0.010359907212873696,
        0.025637349808380873,
        0.6234596269349796,
        0.06569180202245073,
        0.057121169365213144,
        0.0026541465496844052
    ],
    [
        0.14496057115450964,
        0.025145307727872455,
        0.04724742159592415,
        0.016272862660047127,
        0.0254278333655394,
        0.053685651630631576,
        0.1817503505655381,
        0.01595891680448479,
        0.06130480437311541,
        0.020515688876387425,
        0.08149429494761762,
        0.015370305949880685,
        0.15768911090176468,
        0.011062865570882843,
        0.012489314077555552,
        0.07814347153717847,
        0.045631305580205006,
        0.0058499226808650965
    ],
    [
        0.015592322627287441,
        0.1819727287439858,
        0.008263787953894175,
        0.002541069672791691,
        0.0117337268538963,
        0.010677499593041548,
        0.014905595782186962,
        0.036179386459070116,
        0.00554314964903826,
        0.013675764331300407,
        0.005552833852779947,
        0.008057926890468197,
        0.018442582921847844,
        0.004934842758181142,
        0.054551995892107345,
        0.02367562728333135,
        0.5805498026025132,
        0.0031493561322782464
    ],
    [
        0.03583574340706945,
        0.03325730377674134,
        0.07019889435542383,
        0.02234210125834705,
        0.05640891366458202,
        0.1498436557925815,
        0.1816555024267963,
        0.01445377699794679,
        0.014225658290235746,
        0.00956875419269535,
        0.020922131886376004,
        0.015851837886489244,
        0.036096663658914355,
        0.014876673727562002,
        0.0316925060100149,
        0.16553185620412839,
        0.12081157263781378,
        0.006426453826281917
    ],
    [
        0.025948162675694556,
        0.01577055751615409,
        0.011856356968988907,
        0.006645973985023174,
        0.010078246279423681,
        0.5382945303165085,
        0.1366024629647981,
        0.003503849706623769,
        0.01703954327098614,
        0.0038007745612511903,
        0.009556653517259718,
        0.010586490329215272,
        0.03946647500420195,
        0.008741395647987288,
        0.009433125791102042,
        0.11986143896334617,
        0.030709038833561495,
        0.002104923667873889
    ],
    [
        0.11671230316812611,
        0.042194485775587945,
        0.015283013491878963,
        0.004032623490932087,
        0.019599384668832338,
        0.034418374877837506,
        0.02431237046653805,
        0.010791082495660863,
        0.0052273325639083995,
        0.006307850153253718,
        0.03938684163307792,
        0.3184372048784681,
        0.03199520051171863,
        0.1457776877593726,
        0.1194751066058318,
        0.04047482811106798,
        0.019665248686346563,
        0.005909060661560479
    ],
    [
        0.11488804046853313,
        0.028864132406133346,
        0.08053863157413438,
        0.006576043815769672,
        0.3673625902364844,
        0.0159680495273026,
        0.027943676040178254,
        0.02224661932305658,
        0.00853811494691651,
        0.01820935068843625,
        0.11886598150500795,
        0.035691734038957645,
        0.03405986325821043,
        0.012893530029300876,
        0.035471561312693474,
        0.037005317798632094,
        0.028568684417517153,
        0.006308078612735239
    ],
    [
        0.016692322431582918,
        0.03148350620886022,
        0.007859637900066952,
        0.0037667208802075183,
        0.005988352184107953,
        0.005393279538507268,
        0.007832624848118844,
        0.7279992971158864,
        0.007109885295862023,
        0.08426831829590388,
        0.013478449495421017,
        0.011823876962513243,
        0.011525855020875383,
        0.006148279559368249,
        0.021502431670645694,
        0.007750520677427624,
        0.019587729743008372,
        0.009788912171636308
    ],
    [
        0.018066818059528113,
        0.6076985354825308,
        0.004897932985194238,
        0.0033783268261089504,
        0.005850167418178137,
        0.0226932036293242,
        0.014399693641710678,
        0.026400026799310385,
        0.01598002000241024,
        0.020078744056426873,
        0.00639015089912024,
        0.0251696763366873,
        0.03384815895509839,
        0.012691615301306297,
        0.0637764487170946,
        0.021822303329218272,
        0.0912365597973757,
        0.0056216177633765275
    ],
    [
        0.04050523536862068,
        0.24627381120463468,
        0.007850729368474358,
        0.003303161539509599,
        0.011384689460083489,
        0.01808975631093474,
        0.012752685745200816,
        0.024131771272845305,
        0.006527394916158331,
        0.014317478695922571,
        0.01236724451496492,
        0.12383902615077075,
        0.026676284006758002,
        0.030748368725452575,
        0.3453540789002895,
        0.023314483221810185,
        0.044647298022954585,
        0.007916502574614919
    ],
    [
        0.060481317622998416,
        0.1813526813400238,
        0.007056302006661948,
        0.0022685920580166694,
        0.01011313599395338,
        0.11718423727520622,
        0.036574269638138056,
        0.0067314033094367795,
        0.01997574700422035,
        0.008277975492214498,
        0.008971683403372496,
        0.1435065466439372,
        0.043841932030078135,
        0.04849099316370167,
        0.11605863510107955,
        0.12707710177517392,
        0.059371353768120194,
        0.0026660923736667504
    ],
    [
        0.13587324981279184,
        0.08469019076376225,
        0.021052620788236113,
        0.01412800115816829,
        0.016502172876106617,
        0.1088579148770326,
        0.07679721103449315,
        0.020838250549887406,
        0.026433417721730818,
        0.020528610824630856,
        0.05044113464293083,
        0.045648972005963,
        0.18993459089593384,
        0.013790607033977881,
        0.028357280068461523,
        0.06784545666778638,
        0.0706634993012601,
        0.007616818976846549
    ],
    [
        0.017131981248594125,
        0.008389278502713841,
        0.0449964518109555,
        0.7204091900961365,
        0.018006962067113975,
        0.019560887705349837,
        0.031975143748841986,
        0.009170922001673763,
        0.008167818774132111,
        0.007680582544794365,
        0.019597522427261694,
        0.006627960843983701,
        0.01081436050405516,
        0.0072915279620129276,
        0.010123960446951377,
        0.023280818707304706,
        0.015768765874703505,
        0.021005864733421153
    ],
    [
        0.02295590477622573,
        0.004034940931650824,
        0.041580790696270964,
        0.0027519969786140995,
        0.011570648655386604,
        0.02576659036643639,
        0.755941486245643,
        0.0023785527809741126,
        0.0031916639006009224,
        0.001643484268764193,
        0.011068608057163629,
        0.0025606731390564867,
        0.01146110266636368,
        0.0030128226047880305,
        0.0036759547217734287,
        0.08104827142920198,
        0.014552649526280213,
        0.0008038582548060098
    ],
    [
        0.06944224018561662,
        0.035589028160236076,
        0.020704121972509017,
        0.005308562467671712,
        0.025782034513938602,
        0.07142372465974449,
        0.08132827460874174,
        0.009621495202711659,
        0.049458456758566825,
        0.011412530048308238,
        0.020301352399865063,
        0.045860604979683355,
        0.04301814196494916,
        0.2742984581741922,
        0.04767100599891481,
        0.1477612345673122,
        0.03530228733085723,
        0.005716446006181094
    ],
    [
        0.035377334267318865,
        0.06555633250971485,
        0.07260295049485677,
        0.021153928978612707,
        0.09015166873257564,
        0.03818912842942765,
        0.07024412163553123,
        0.0800859583171801,
        0.024213390517206786,
        0.03245695460253169,
        0.0247708128435529,
        0.01911821270995168,
        0.04268650561998641,
        0.027265221801618097,
        0.06439921442024771,
        0.07340896795254527,
        0.20068567203250234,
        0.017633624134639283
    ],
    [
        0.028053613957106913,
        0.021605029811836093,
        0.008949700529189778,
        0.006970349784767589,
        0.009228766391842256,
        0.027230564370754905,
        0.026600734567179263,
        0.008061819782150082,
        0.6825350230991936,
        0.020027470592805366,
        0.012497084154035004,
        0.018489442821279803,
        0.038429733275358466,
        0.023471461313576227,
        0.012561435121901277,
        0.029253949994901475,
        0.01898517779217756,
        0.007048642639944349
    ],
    [
        0.018735952707014395,
        0.004137712663794616,
        0.7592214308231581,
        0.009178279767176495,
        0.07927870317298222,
        0.007566230750343642,
        0.021027164336896987,
        0.006383956369315948,
        0.0029660835346654022,
        0.004556966528107186,
        0.031779899949053746,
        0.005683631988198482,
        0.004506888669486898,
        0.005834760534448465,
        0.009166013648031547,
        0.018304242191677193,
        0.007580150382064796,
        0.0040919319835839236
    ],
    [
        0.046047178057261454,
        0.03185683259066707,
        0.04117991730985736,
        0.01595181996551281,
        0.038799850193905285,
        0.10672872536057135,
        0.1428612740736921,
        0.013842156975729216,
        0.021910131976425665,
        0.008799999797624428,
        0.02381923691164479,
        0.023423614804269223,
        0.05989126147252739,
        0.18292720970013973,
        0.038555234658933034,
        0.13407618318182543,
        0.05899864990283188,
        0.010330723066581768
    ],
    [
        0.05770184202086837,
        0.04513310602861289,
        0.008566403324299289,
        0.00478616964297567,
        0.009807265100272662,
        0.041856761955032414,
        0.018426303834879094,
        0.008951360079554941,
        0.015525833752745353,
        0.012384922667501042,
        0.02041710540860107,
        0.5639739711301185,
        0.024626978663314786,
        0.05371288208221366,
        0.05961265319617727,
        0.031014832312633925,
        0.016119740147053228,
        0.007381868653145878
    ],
    [
        0.01692151739828477,
        0.12826200529644258,
        0.011557419250603138,
        0.005076129234992095,
        0.012660696156597224,
        0.023628701697745554,
        0.03169542990198659,
        0.04808213153982455,
        0.018397934904442883,
        0.021008723514699505,
        0.007394784228003143,
        0.009955210725049207,
        0.03448928928293148,
        0.01000127659688821,
        0.0374103422797041,
        0.03692036815197818,
        0.54136745805564,
        0.005170581784186844
    ],
    [
        0.05467821821913473,
        0.026592334690228165,
        0.10798066998795453,
        0.19147219961349965,
        0.135841724427741,
        0.03936347174873257,
        0.04953274423484311,
        0.021738418662675202,
        0.01907164605744114,
        0.021770333360463523,
        0.06802150298720869,
        0.028324467286512844,
        0.03543310812557201,
        0.024306417925849096,
        0.03434765132329297,
        0.052989416845201844,
        0.03575153231612421,
        0.05278414218752475
    ],
    [
        0.03585549204616892,
        0.019594551324995158,
        0.020029024161151675,
        0.009907041775071294,
        0.015988071968427768,
        0.09630874423073602,
        0.15656620501660395,
        0.006275921334010676,
        0.32868366851150216,
        0.012331408556817578,
        0.01204095372171877,
        0.011614644489364327,
        0.031598284616996285,
        0.013948947063243844,
        0.013767023639675122,
        0.16791384068528706,
        0.04324718310112995,
        0.00432899375709952
    ],
    [
        0.013406214438507438,
        0.013130361707401344,
        0.004984387344416986,
        0.0020365749028034273,
        0.0038803026156424038,
        0.5773604243655872,
        0.17465916133386142,
        0.00239362342642578,
        0.0075625049494873,
        0.0017722121787516613,
        0.004010462650554667,
        0.005093311606537566,
        0.03513897832702561,
        0.008351249713963099,
        0.006628136624224258,
        0.10453327961531646,
        0.03413008522613495,
        0.000928728973358487
    ],
    [
        0.007336239126507707,
        0.0022877909172211806,
        0.14131022502527493,
        0.002315402228964097,
        0.7887822447400411,
        0.003880228162552868,
        0.010886770810420159,
        0.0019282302825880046,
        0.0014605694160461456,
        0.0016258908977454592,
        0.006414535000227637,
        0.0021700588261702853,
        0.002538423417399939,
        0.002248440909221999,
        0.004432905398123857,
        0.013922965370396934,
        0.0053689525951800664,
        0.0010901268759175864
    ],
    [
        0.07543729593198692,
        0.052711598036389855,
        0.014879871156134818,
        0.0029098146434161066,
        0.019393151516581407,
        0.0172880666624936,
        0.01866226081425605,
        0.024685453508162522,
        0.006553555705338418,
        0.011558956297945748,
        0.02834572871462516,
        0.17736316392214843,
        0.02494514364451283,
        0.27290810444664226,
        0.19347938086351543,
        0.028871771317442015,
        0.023647926934932707,
        0.006358755883475574
    ],
    [
        0.01935131854089455,
        0.007279559332866604,
        0.019862963506248846,
        0.7511452986727503,
        0.009563456671198749,
        0.009961480699776282,
        0.015061036595455619,
        0.009811744257511874,
        0.008803790004297887,
        0.011438401090671456,
        0.02987665380728101,
        0.006969720300540223,
        0.010388440471259641,
        0.005853586101079079,
        0.007545239494338228,
        0.01171182206616752,
        0.008629256229926024,
        0.056746232157736456
    ],
    [
        0.026184720870966533,
        0.0490969531358174,
        0.0058978235399664534,
        0.0041036047270747045,
        0.00654158439032993,
        0.01878092058129491,
        0.021388162452993444,
        0.01211853625174439,
        0.0175558337112095,
        0.008317449824913913,
        0.010566254091837526,
        0.009907931022473298,
        0.7219917558963758,
        0.011432972625057351,
        0.010308507079151083,
        0.018652870823852915,
        0.043247757461088616,
        0.003906361513852289
    ],
    [
        0.005486031731690044,
        0.003905141493023874,
        0.0018476778974864155,
        0.0006365238678762639,
        0.0015889028690315866,
        0.8347549308973125,
        0.03256112131107416,
        0.0005937190921138252,
        0.0020730128278856857,
        0.0005983262457329443,
        0.0013188772036896892,
        0.0030760774159419666,
        0.0037610200428787547,
        0.002837404500559436,
        0.00379728521548124,
        0.09402295694343984,
        0.006825100679727666,
        0.0003158897650542287
    ],
    [
        0.029815597918018993,
        0.0327848194484317,
        0.01041304738593966,
        0.009512164858547943,
        0.011306753162300016,
        0.0421434811079555,
        0.031506480994137005,
        0.008556238013756528,
        0.6178740805882016,
        0.02509598825219596,
        0.011811752513891164,
        0.022074363656937327,
        0.03359000155780809,
        0.014417438130309714,
        0.017778512685166014,
        0.04323807199944259,
        0.03013705403550305,
        0.007944153691456972
    ],
    [
        0.010945339403189437,
        0.007412199239467976,
        0.0011611898575727593,
        0.00030243359116872217,
        0.001864484255874983,
        0.0026551469007204194,
        0.0017876757043258477,
        0.00116095389898758,
        0.0011630933905362828,
        0.0016299871042868353,
        0.0022583412047745915,
        0.9133933418228064,
        0.002019711429687703,
        0.008206366406786583,
        0.03691467529365506,
        0.004328171960980746,
        0.002183828040463813,
        0.0006130604947139157
    ],
    [
        0.03794734564160437,
        0.12680822531540833,
        0.01823009750875237,
        0.008388868671261132,
        0.02424189133107779,
        0.02678766341849495,
        0.020189677951861443,
        0.049609981730309546,
        0.00813545306603687,
        0.021327876849455227,
        0.020366431320363254,
        0.08856478360797804,
        0.023053333870696094,
        0.03305222077445431,
        0.38595785579353065,
        0.03250389815624404,
        0.056739423521752534,
        0.01809497147071901
    ],
    [
        0.009633828976404383,
        0.01778920818443501,
        0.0034046953083880604,
        0.0007030818579153985,
        0.00418769908719635,
        0.006005838477442675,
        0.005335822505159307,
        0.004052753264401453,
        0.001027696179094776,
        0.001794780929360856,
        0.002929974281745758,
        0.01568939558709501,
        0.003080128326202509,
        0.011203290465397716,
        0.8888308909516924,
        0.012216105560194224,
        0.010960321517023836,
        0.001154488540850296
    ],
    [
        0.06751373299965824,
        0.020773491640457296,
        0.09818011373771177,
        0.05403487052311871,
        0.06471947146768052,
        0.11705718107257188,
        0.2035720321599652,
        0.009505445790358509,
        0.018393856898790896,
        0.009664156891888431,
        0.0454950545956612,
        0.01492598819075778,
        0.05244848812140245,
        0.010629758340587681,
        0.01664290802655662,
        0.1388119183923299,
        0.05030106039235644,
        0.007330470758146539
    ],
    [
        0.015021080180650669,
        0.09324957036910435,
        0.003815400535709627,
        0.0010387831865813345,
        0.003938349459427879,
        0.014684269151167231,
        0.019705014960090455,
        0.006095676254481315,
        0.005034352604271221,
        0.00468721310643069,
        0.0027348676236084914,
        0.005400152248786,
        0.01420547126578003,
        0.003656048075093486,
        0.024832897170976562,
        0.04150053792284748,
        0.7393749267618596,
        0.0010253891231335865
    ],
    [
        0.004822216561169018,
        0.0020828683487573,
        0.006095699135558077,
        0.9383930639161829,
        0.0035939064612298998,
        0.0035749435212962684,
        0.004842665413505247,
        0.0018827062282133445,
        0.002838571927430663,
        0.002580024433744378,
        0.00574487970332278,
        0.0017838160349292309,
        0.0031554661724515647,
        0.0013340827350398928,
        0.0019679727176444787,
        0.0040840750929803035,
        0.0029129890937692783,
        0.008310052502775273
    ],
    [
        0.07573278138332067,
        0.0310659010265044,
        0.012465822661870718,
        0.006627622875423134,
        0.01253745709678153,
        0.08964582636471609,
        0.07253740451258904,
        0.007362948241384152,
        0.03904721462119654,
        0.008271912013388553,
        0.027302411841443226,
        0.022642202698173512,
        0.4743508421381455,
        0.017346622153198932,
        0.011876833445441807,
        0.05680261827615113,
        0.03076946580788044,
        0.0036141128423905953
    ],
    [
        0.22862565432249188,
        0.036627096926704274,
        0.02571414209759901,
        0.012384277849573267,
        0.021956115881130472,
        0.03850246320550253,
        0.04043545076620095,
        0.01668228332424789,
        0.11601906461529729,
        0.06929986241141141,
        0.08203630587126705,
        0.11977937632593878,
        0.043990724546328734,
        0.02645606319721416,
        0.0321459857962522,
        0.051247780145724606,
        0.023724403240882732,
        0.014372949476232744
    ],
    [
        0.036360477306279275,
        0.2111323857474696,
        0.011713870857500582,
        0.00708864117781501,
        0.015422669605160933,
        0.01613378386288364,
        0.013826138117093304,
        0.1185710560593342,
        0.014146324267407267,
        0.0759516674614481,
        0.019310621336366803,
        0.09550558355511639,
        0.02730698163686554,
        0.02867220692077992,
        0.21156520486089891,
        0.02038840537378691,
        0.04658000278618019,
        0.030323979067613395
    ],
    [
        0.006730880346171436,
        0.8590027553327197,
        0.0014654993260601735,
        0.0007526217293875455,
        0.0017487348657299255,
        0.006267514272794713,
        0.004539587597374506,
        0.010042329725290148,
        0.00380151587504542,
        0.0058659466736583595,
        0.0020327427129863402,
        0.008057332723339024,
        0.012504109660301077,
        0.003465762322428038,
        0.02407483260638896,
        0.007013111294382599,
        0.041416125720431185,
        0.0012185972155107174
    ],
    [
        0.009171896873022209,
        0.879732791521974,
        0.0011773178520631741,
        0.000615068054605111,
        0.0015847778629756316,
        0.007641771263579987,
        0.004047793346821553,
        0.0032306951262370824,
        0.0031474553376062216,
        0.003491618800338214,
        0.0018248892946740652,
        0.011636389947259433,
        0.013879910870005212,
        0.0025916322832075242,
        0.019992947113154948,
        0.008166400396006994,
        0.027204456345025125,
        0.0008621877114433885
    ],
    [
        0.03754636002445875,
        0.03633970265599718,
        0.05960775966815817,
        0.2337412974824338,
        0.05766091940908063,
        0.035743993126403605,
        0.049727531417071966,
        0.03322608804220931,
        0.03577145329539627,
        0.035551097067723206,
        0.031288000936349494,
        0.019929740201112295,
        0.03328562018703451,
        0.025130349741423953,
        0.04063574513725849,
        0.053760591018408,
        0.058877163526883526,
        0.12217658706259686
    ],
    [
        0.05766067835976893,
        0.04599324746757786,
        0.03519221610249174,
        0.1411973066124421,
        0.03248976739830873,
        0.04707873065765258,
        0.061487572504498926,
        0.029692442508786096,
        0.08972112854831181,
        0.037265815418779935,
        0.04306888308176624,
        0.02409385185036585,
        0.09889480799058976,
        0.03371520769412512,
        0.029076151504514865,
        0.05489221313232798,
        0.055194955619827506,
        0.08328502354786395
    ],
    [
        0.02029278719297385,
        0.012859641594282314,
        0.006962395215517117,
        0.0024284923238869017,
        0.00825321536897727,
        0.018881036814085053,
        0.017920263059059787,
        0.004454691788539571,
        0.0058459908452170185,
        0.0029606664602177205,
        0.008674897693482286,
        0.017718040277123644,
        0.021559279010443702,
        0.7966939261692726,
        0.017476252662650973,
        0.022623509251442343,
        0.011285452502030042,
        0.0031094617707978123
    ],
    [
        0.009807025023130704,
        0.7238093646572606,
        0.0015540520240518846,
        0.0004574970417557939,
        0.0018242381060375734,
        0.008674198878160535,
        0.007406422420821959,
        0.004703235482515028,
        0.0029200530585953227,
        0.0031234658223788596,
        0.0017560474506611572,
        0.005991322593869066,
        0.015214828973735958,
        0.0024969369147469886,
        0.01888686165883214,
        0.013998275459549177,
        0.17684819587984768,
        0.0005279785540496548
    ],
    [
        0.10089075887423363,
        0.022808297354949263,
        0.040789359145345136,
        0.007271867904027269,
        0.03210257221631158,
        0.06852286529383517,
        0.20660713108883139,
        0.009259667432397643,
        0.009837833590338848,
        0.005392707198791096,
        0.04254706453966866,
        0.013218061155012738,
        0.25642056252547146,
        0.01664463809963017,
        0.013617781982377519,
        0.09759611104335883,
        0.053301375404120006,
        0.0031713451512995292
    ],
    [
        0.09077969900425713,
        0.038968580874301606,
        0.04638597106276283,
        0.015771463035949614,
        0.05087167875209534,
        0.16868989824243577,
        0.11959457084178929,
        0.009701861047366412,
        0.021749364850480526,
        0.013265694276258774,
        0.03420799831508286,
        0.034159536120919716,
        0.040171981893330405,
        0.011328676288177165,
        0.03358283441823444,
        0.20477195840707105,
        0.060290797616115756,
        0.0057074349533713905
    ],
    [
        0.046572339093854935,
        0.014439215935669242,
        0.09938316392031943,
        0.4237654390123856,
        0.04343981603567007,
        0.02898172308894643,
        0.05960695545110523,
        0.016732805211138978,
        0.013880022175258043,
        0.013524639578558255,
        0.07609785991156733,
        0.012457879945890659,
        0.029023014049753996,
        0.014052280405827037,
        0.015427067942465388,
        0.03904074165910175,
        0.02356289356399995,
        0.0300121430184877
    ],
    [
        0.0507076923500943,
        0.17044578927384016,
        0.007146022309370624,
        0.003005137528082395,
        0.010561445150706162,
        0.012961444271668494,
        0.010354337389579043,
        0.030720973353772715,
        0.0075758354481429814,
        0.020799730320443702,
        0.01882961795628606,
        0.29191606414758625,
        0.0262961115034277,
        0.040069814210761744,
        0.24883139041219482,
        0.017306247232715316,
        0.022952231154435992,
        0.009520115986891483
    ],
    [
        0.006437883985245181,
        0.004026992887449681,
        0.001934930650579029,
        0.00036280643861784915,
        0.0018474201694123674,
        0.047650286425234875,
        0.03786294018627455,
        0.0005579197005377881,
        0.0015969145872295565,
        0.0005674092439421696,
        0.0010560613758173168,
        0.0022212553922433967,
        0.002692284804153025,
        0.002316186613586989,
        0.005109687744540266,
        0.8734654117866931,
        0.010065056712656084,
        0.00022855129578665492
    ],
    [
        0.004088515887463538,
        0.0010076674740958954,
        0.0268750281774054,
        0.0005550505893782092,
        0.9459369608455024,
        0.001185401745313435,
        0.0029053615644993765,
        0.0008793258835511321,
        0.00041430639304121576,
        0.0005719671355762343,
        0.00422025944248582,
        0.001150530984729226,
        0.0013111238407282253,
        0.001135181140038555,
        0.0019546315326506476,
        0.003654790927572425,
        0.0017739322628252834,
        0.00037996417314293694
    ],
    [
        0.018211802461600177,
        0.012359708907930846,
        0.00485813544650907,
        0.0023234961088107135,
        0.004772452717319961,
        0.01883707127627956,
        0.013117266256194703,
        0.0038936066301038497,
        0.008206729572280368,
        0.003735955595600947,
        0.006711115385052803,
        0.029584318020675203,
        0.011149683957731282,
        0.809311937090881,
        0.021494805923699713,
        0.01927079615424277,
        0.008390018212629502,
        0.003771100282457471
    ],
    [
        0.03401815745209121,
        0.09266347866388608,
        0.009171064559799536,
        0.0065768862421320545,
        0.009709590124215978,
        0.036932941738044116,
        0.03449788303147969,
        0.019205070385718004,
        0.015442989015271625,
        0.0103067748448223,
        0.014555837075598927,
        0.014666920943094257,
        0.5442496469349472,
        0.012473593838685942,
        0.017326796609649538,
        0.029890710910265798,
        0.09320859108832832,
        0.005103066541969582
    ],
    [
        0.030404141703190862,
        0.021376430982610224,
        0.06942489921681382,
        0.4036289641924879,
        0.03723906209025185,
        0.023588326274608103,
        0.04390379045265259,
        0.03790997906514701,
        0.02472647216064746,
        0.03191902203990964,
        0.03407767936702763,
        0.012455663534336681,
        0.024368572796361867,
        0.01568863385542994,
        0.022551245214440456,
        0.034617904104948964,
        0.03932386892506467,
        0.09279534402407034
    ],
    [
        0.07577550154378727,
        0.012463237474751022,
        0.2406882496012154,
        0.046171369640837616,
        0.03671228408936126,
        0.042422967900619515,
        0.2517909511107279,
        0.01282831664093586,
        0.011850445712776997,
        0.009634540069175438,
        0.08344750393058069,
        0.009076967318959923,
        0.029354158368747336,
        0.008234223833701291,
        0.011886838377040916,
        0.07869115490739714,
        0.03233682566771069,
        0.006634463811673765
    ],
    [
        0.06010312542350106,
        0.003954991192477437,
        0.026466627279457804,
        0.002672791867418921,
        0.024982013787208542,
        0.003032235760744373,
        0.00580894865895347,
        0.005837697609565594,
        0.002200501823387027,
        0.005685246394572305,
        0.817404106271514,
        0.011748328143346283,
        0.006147849261695419,
        0.004849629203478834,
        0.006292197733210573,
        0.006022807357758948,
        0.0033509809244753963,
        0.0034399213072339543
    ],
    [
        0.016622898095626348,
        0.008844510595408046,
        0.01779674392084897,
        0.003810519479493305,
        0.010816174012388125,
        0.13007553542109732,
        0.38406219887466647,
        0.0030721038172178746,
        0.010771733194648388,
        0.002851390768298079,
        0.005922165133621759,
        0.005510655126515651,
        0.011133110402973377,
        0.010395077205005626,
        0.010206209193580762,
        0.337198646084844,
        0.029378602261646323,
        0.0015317264121195609
    ],
    [
        0.006356262260614002,
        0.0022602438252032286,
        0.0016864063712223975,
        0.0003172686619433364,
        0.0019872626459055474,
        0.074150495527106,
        0.06078942140021765,
        0.000332745926559181,
        0.001435475875568294,
        0.00035000676172252694,
        0.0010600750625322079,
        0.0014366411664303294,
        0.004539810995462947,
        0.0015382261206999402,
        0.001820312825746111,
        0.8343129767831313,
        0.005469968312715998,
        0.0001563994772189323
    ],
    [
        0.03385469317018253,
        0.07624989461111645,
        0.006909084375019803,
        0.003618753501525508,
        0.007830186641192961,
        0.02843762034579027,
        0.03146389704720841,
        0.014951594005668593,
        0.04283704662408031,
        0.012312249690738061,
        0.011961674781827391,
        0.015127294603091897,
        0.5917260941885032,
        0.018546621996823328,
        0.014762576381272196,
        0.02912183222253375,
        0.05659096650788648,
        0.003697919305538873
    ],
    [
        0.007869050044347868,
        0.007416094377068096,
        0.0016978796733086705,
        0.000604094682699258,
        0.0018135710347934517,
        0.7696991816657464,
        0.02962931855499896,
        0.0007185181553438103,
        0.0033852551084109696,
        0.0007651522720651784,
        0.0014756365059737247,
        0.004964041308415016,
        0.0071261986061388494,
        0.005425008039426959,
        0.005816839096847939,
        0.14126542076197846,
        0.009950044644958427,
        0.00037869546747809716
    ],
    [
        0.007676649713547505,
        0.0022781071226666977,
        0.00457452259707678,
        0.0009809884719033744,
        0.0018998671025001728,
        0.03846838667156578,
        0.8689069083519076,
        0.000895713988275956,
        0.0018900160585494108,
        0.0006440246857411985,
        0.002549997641974119,
        0.0012433407364298046,
        0.006284599534830286,
        0.001742333589205465,
        0.0017208362149462048,
        0.050106677266221665,
        0.007810917437872735,
        0.0003261128147851304
    ],
    [
        0.010858405339493062,
        0.0019641032923114403,
        0.039776179615685026,
        0.0009470648613048694,
        0.902430806482857,
        0.0017011377955407007,
        0.0038501479906265794,
        0.0019539378716153057,
        0.0008671575847692818,
        0.001583395352881278,
        0.012200613044574019,
        0.0031858535817005152,
        0.002001965214662272,
        0.0025115771331848625,
        0.005057298285952137,
        0.005575793057193672,
        0.002568326140240378,
        0.0009662373554074532
    ],
    [
        0.02993672390773654,
        0.020930743995536363,
        0.05031558974440877,
        0.01373775125336692,
        0.03891314693907,
        0.16343697207169056,
        0.246791819729871,
        0.00818346368915927,
        0.012473046620648714,
        0.005591596062218082,
        0.01426631969227787,
        0.012281432802224485,
        0.030456271592329744,
        0.026403999087963783,
        0.02457619868810767,
        0.2220743493197975,
        0.07477402077272621,
        0.004856554030866498
    ],
    [
        0.011609481055515129,
        0.015132703172091599,
        0.01464751038160983,
        0.0032591540969598124,
        0.009846228459580126,
        0.0036930574114379246,
        0.00797994818358043,
        0.8336986792323862,
        0.0030175967437221386,
        0.02159005926934428,
        0.011214268112115865,
        0.004437946984476377,
        0.007560408364397076,
        0.0030461126840110415,
        0.013225116574664705,
        0.007132061835318975,
        0.024303604442951026,
        0.004606062995837621
    ],
    [
        0.07523060715041188,
        0.037693603715686294,
        0.055226943137225336,
        0.09183390491041099,
        0.03974182404637426,
        0.10837360923705214,
        0.08361922309771615,
        0.016040169184982807,
        0.025070314760322135,
        0.018604019067543758,
        0.03772502416181862,
        0.04803304000181383,
        0.030936094959290086,
        0.04846760665757894,
        0.06933392867053151,
        0.1206035977616039,
        0.048792705504178496,
        0.04467378397545899
    ],
    [
        0.012806103143788454,
        0.004476746995511033,
        0.001142320496684775,
        0.00042279562234654567,
        0.001544140039328056,
        0.0017805229609198906,
        0.0013590413398976869,
        0.0013897807069550917,
        0.0011333405580796127,
        0.0020922543455444555,
        0.0045267127556465475,
        0.9434933021172107,
        0.002194106286210247,
        0.006318657085510526,
        0.010507885281844685,
        0.0023404447545506617,
        0.0013584307830306424,
        0.0011134147269403964
    ],
    [
        0.0196781445810606,
        0.014476331102553013,
        0.002769085824521942,
        0.000914031149726391,
        0.004437848142242157,
        0.005921072986393605,
        0.0039028949195865905,
        0.002976644265370054,
        0.0038998668114173653,
        0.005169475267701048,
        0.005798290968165094,
        0.8525009666800127,
        0.005079956950436749,
        0.0181756801935678,
        0.03959815614215174,
        0.00813569098604099,
        0.0045559911777238084,
        0.00200987185132823
    ],
    [
        0.08606862908712731,
        0.06405356842769475,
        0.05304605463878442,
        0.006819663360649848,
        0.21231965626225852,
        0.016369171653809963,
        0.025087224052393924,
        0.04208840426608686,
        0.00960724136575182,
        0.027132261094545192,
        0.041691325226815686,
        0.054124606554435614,
        0.029450172707762304,
        0.034122543900288835,
        0.18393909329423386,
        0.04465142559049877,
        0.05564414591034435,
        0.013784812606517993
    ],
    [
        0.07581519622761065,
        0.011878951169337272,
        0.3084508861886449,
