[
    [
        3.603209849962851e-05,
        6.952265565101626e-06,
        1.0494339226786176e-05,
        0.0005763094221266289,
        4.060925761212568e-05,
        0.00030203418429491555,
        0.9986089082028893,
        3.0431023099607985e-05,
        0.00012297860448658404,
        2.124284165793613e-05,
        7.744444289109833e-05,
        3.311378844031836e-05,
        2.2398444104838748e-05,
        3.366345395275839e-05,
        2.896857589748819e-05,
        4.841905525493318e-05
    ],
    [
        0.0010839321262866265,
        0.0001447639803926207,
        0.0002877340763686897,
        0.006908654912947682,
        0.00253595969894753,
        0.9658230700172267,
        0.012627478751148042,
        0.001979757035325575,
        0.0019776271375839425,
        0.0005129964860431322,
        0.0016537552182109734,
        0.0015718327927394672,
        0.00025707719055810763,
        0.0010644481262227165,
        0.0005778381340413312,
        0.0009930743159571524
    ],
    [
        0.0038820096638428874,
        0.0007459467181016125,
        0.0014109670576903472,
        0.003029443235407032,
        0.007262924797051742,
        0.008781763560655556,
        0.005864063400923966,
        0.003336533401386492,
        0.0024837041052513196,
        0.0017838445985977423,
        0.0028451408319494663,
        0.0027216478796290217,
        0.0013505225749638596,
        0.9521216828592923,
        0.0012643768748699694,
        0.0011154284403867014
    ],
    [
        0.0005898177380829916,
        4.6918005180396145e-05,
        9.091763715191698e-05,
        0.0013093077442556315,
        0.002304426985691011,
        0.9872428446110009,
        0.003044765007364401,
        0.0011147036276548936,
        0.0006765333739651882,
        0.00023450544217339664,
        0.0005809546333501523,
        0.0014594178379283892,
        0.00010616019020462084,
        0.0007930241118485441,
        0.00013941519896910082,
        0.0002662878551783803
    ],
    [
        0.050315183894906385,
        0.005829447680930326,
        0.006050676163760786,
        0.027540813226385928,
        0.39090549642394934,
        0.09625294447326589,
        0.06689870442963479,
        0.0772280131079701,
        0.014979072494958067,
        0.028229733992181767,
        0.00887886066009285,
        0.15838808251868725,
        0.005404331008439253,
        0.04309790275866862,
        0.00731832598266869,
        0.012682411183499935
    ],
    [
        0.015140904432267096,
        0.009177149366709868,
        0.01425677270972626,
        0.1118862070731892,
        0.010392563208052333,
        0.030253970667081628,
        0.057280919864051476,
        0.015843519800924827,
        0.2826647246869181,
        0.020261773681586385,
        0.09598574364169696,
        0.02272057077433189,
        0.187123607401046,
        0.012116986062307197,
        0.027104285718440885,
        0.08779030091166996
    ],
    [
        0.002969426680184559,
        0.00010723356605796334,
        0.00014006853936142117,
        0.0007555103557588067,
        0.005979173437401804,
        0.0025174062702209856,
        0.001247976802580665,
        0.0029015302334421604,
        0.0005791951865827758,
        0.0006354913394731345,
        0.00032821376427906446,
        0.9804062171282478,
        0.0002444352445445639,
        0.0005903262331161367,
        0.00015654825583598625,
        0.0004412469629120157
    ],
    [
        0.0019080757325564987,
        0.0013845123572015518,
        0.002525747577839736,
        0.7804968516897018,
        0.0018098305658647994,
        0.011356576541869768,
        0.12023955037205929,
        0.0029720183740286,
        0.029674698077857924,
        0.002674750287928995,
        0.005878980793937751,
        0.002528005258791605,
        0.002997442758388653,
        0.0015803055169301696,
        0.007159003565882118,
        0.02481365052916071
    ],
    [
        0.012280850063509641,
        0.01958184229704136,
        0.012569774784993236,
        0.10270885718906891,
        0.013398662318112858,
        0.04102768612559787,
        0.06326181399558123,
        0.012042013833052584,
        0.17029314422810743,
        0.02478701570829621,
        0.18400853222706867,
        0.010970656642003203,
        0.043547112477634105,
        0.016098443078917404,
        0.1978475909703515,
        0.07557600406066375
    ],
    [
        0.0006666210836900343,
        0.0005213609376829599,
        0.0006594052410620453,
        0.061647648513030236,
        0.0007491161946355141,
        0.00532323605007335,
        0.017221743433087053,
        0.001484976676274145,
        0.874514919100755,
        0.0023288689018107216,
        0.018310641754910175,
        0.0010165242169235336,
        0.002920423405720399,
        0.0015233677357139438,
        0.0023456189316432324,
        0.008765527822987874
    ],
    [
        0.033648610613342844,
        0.018733752751011024,
        0.1401550935598599,
        0.06703300514528562,
        0.0539132557110122,
        0.0861252408783562,
        0.07000481371283158,
        0.08751285873672862,
        0.056935188339222245,
        0.0401581081062187,
        0.0433859782579747,
        0.10358785577144981,
        0.032089071233722795,
        0.11005044140873947,
        0.02128406777892634,
        0.03538265799531797
    ],
    [
        0.0016881510838787591,
        4.793570419671985e-05,
        7.021438470791688e-05,
        0.0004151528448967261,
        0.0018662225775298049,
        0.001442599692211569,
        0.0007134078773635358,
        0.0019727115714717716,
        0.0003506714836673694,
        0.00029983181777883567,
        0.00019850758119313315,
        0.9900502253667235,
        0.00014626810967139947,
        0.0004652232653213914,
        6.817611915021277e-05,
        0.00020470052023741807
    ],
    [
        0.0005529422550144393,
        0.00027680635100448746,
        0.00035499222849006567,
        0.0016616158820144903,
        0.00028547049772010457,
        0.0005394201629327531,
        0.0014645071368053976,
        0.000277479429221237,
        0.00409068618437652,
        0.0004754281540411873,
        0.0014444487706701046,
        0.0004388244616471071,
        0.9858374392890422,
        0.000695152380881262,
        0.0006742691360460286,
        0.0009305176800926101
    ],
    [
        0.0005746762481399868,
        0.0003764175833660998,
        0.0005597836651523647,
        0.004544937805091674,
        0.0006069940930352089,
        0.0029943263537365516,
        0.005716185427394849,
        0.0006911099194238141,
        0.008538815530313038,
        0.0007937347830659204,
        0.9673903953505113,
        0.0006197050909901213,
        0.0020908021621388424,
        0.0016513370754402774,
        0.0013950790739969492,
        0.001455699838203252
    ],
    [
        0.001439301315165323,
        0.009473686775956319,
        0.007044500213267915,
        0.02964657977528309,
        0.0016442797438024682,
        0.004946164613944319,
        0.013018502124978553,
        0.0015707060683438363,
        0.009932819019948445,
        0.0027073804598068147,
        0.004949375348804033,
        0.0012158191012245055,
        0.0027879995282172987,
        0.0017586369489899845,
        0.8931535119758786,
        0.014710736986388655
    ],
    [
        0.00013450144793098105,
        0.00014540949889069573,
        0.0001953553621585777,
        0.9662706966574911,
        0.0001709832137437563,
        0.0017355233618275919,
        0.0075064096055529345,
        0.0003713755752261614,
        0.01479872560997457,
        0.0004305881781009551,
        0.0014115213456831802,
        0.00022365537693317346,
        0.00025127526409094017,
        0.00018068671350516435,
        0.0009027134405311479,
        0.005270579348359414
    ],
    [
        0.000745527292642543,
        0.000472848569856211,
        0.00043755447988515445,
        0.043699429634306244,
        0.0007851440426463968,
        0.004661877689340194,
        0.012876030062832871,
        0.0014671668516097484,
        0.8968639458381285,
        0.002629291251244737,
        0.013892271455636528,
        0.0010530810243367255,
        0.003080180864879079,
        0.0010607273822062608,
        0.0023963816926068798,
        0.013878541867842029
    ],
    [
        0.003309545816813785,
        0.008784846509408794,
        0.004088064465321586,
        0.10753233029169752,
        0.0034960500491703055,
        0.00975192147668093,
        0.030839421924512656,
        0.008682467655033785,
        0.05406538112095544,
        0.021168245825478143,
        0.008824593802108736,
        0.0051217729951292664,
        0.0074901430756272305,
        0.002512200500152996,
        0.024201604640858992,
        0.7001314098510498
    ],
    [
        0.9999895229630397,
        5.9493633251356996e-08,
        7.307720540541365e-08,
        3.8526217943185876e-07,
        3.1890665449035206e-06,
        1.1150709759627294e-06,
        9.844949047379893e-07,
        3.178885843259078e-07,
        2.73865353640077e-07,
        1.4946792669253662e-07,
        1.9253163070192395e-07,
        2.2151435770198568e-06,
        2.4741244215723074e-07,
        1.020781768809188e-06,
        1.1234464423048233e-07,
        1.4113558926625638e-07
    ],
    [
        0.042097328194106026,
        0.002533634269472203,
        0.003110131840753245,
        0.02808843664310203,
        0.1289244916396767,
        0.17328579256826834,
        0.06751571654630163,
        0.16516416867184644,
        0.014975863903500634,
        0.01692075319796715,
        0.00826632896437749,
        0.3036122792978111,
        0.0037571402785717004,
        0.027887174821183164,
        0.0037406078683858623,
        0.010120151294676253
    ],
    [
        0.0029372543527014417,
        0.0025933252322328697,
        0.00430559693159629,
        0.07077730249027628,
        0.003979290339299471,
        0.027242609134591568,
        0.03892486307155396,
        0.011489898973599158,
        0.16742839243332108,
        0.0111593948717174,
        0.5930244097811316,
        0.0059694045289495545,
        0.008919666338949079,
        0.005476702342584628,
        0.008914408015226019,
        0.036857481162269654
    ],
    [
        0.0010276554008515487,
        0.0002141129879532729,
        0.00023767421275320668,
        0.0017034899808858976,
        0.00438212447937343,
        0.007339778988951403,
        0.002422801358971696,
        0.9653228645304385,
        0.0010143396106259716,
        0.0025252909811929697,
        0.0005936653753327548,
        0.010660938992146722,
        0.00020349100699840514,
        0.0009844510945332154,
        0.0002716497136391662,
        0.0010956712853515034
    ],
    [
        0.000775517696796499,
        0.0005407359967104388,
        0.0005096393688018065,
        0.002971031261012398,
        0.0022208218277615576,
        0.004609012188370064,
        0.002695496021868082,
        0.9569982661665124,
        0.0024992473827950357,
        0.014122760065225974,
        0.0012964579459006074,
        0.004952145111127463,
        0.0004196979793738153,
        0.0011973681665711096,
        0.0005665035048042897,
        0.003625299316368153
    ],
    [
        0.0006203902618470181,
        0.0019871800597364014,
        0.001225519356577053,
        0.047796805735006095,
        0.00081898192190432,
        0.003137197240605776,
        0.008910905562943173,
        0.003708695770672956,
        0.06526898974739792,
        0.014510437844232485,
        0.0046788792064049855,
        0.0013823086747637911,
        0.0020980111133389614,
        0.0008768951038931182,
        0.00433086102342927,
        0.8386479413772467
    ],
    [
        2.3723799629427364e-08,
        0.9999983220033023,
        1.5429541041690157e-07,
        1.2402680951855074e-07,
        3.314723058334339e-08,
        4.69909439480415e-08,
        9.089021715763026e-08,
        5.0092273954363464e-08,
        9.369814151225709e-08,
        1.9413196306086954e-07,
        5.676034000702662e-08,
        2.9031745695833228e-08,
        4.7738435415106194e-08,
        3.9416205399854816e-08,
        4.787340390205475e-07,
        2.1531914231410484e-07
    ],
    [
        0.004964706840147026,
        0.012778193656069536,
        0.007584638474666443,
        0.09509999840967735,
        0.0060511765899962855,
        0.017122323061465747,
        0.053139999202674995,
        0.004488882633102561,
        0.06965426567033124,
        0.011301309709970848,
        0.028599353468745876,
        0.004403939999907686,
        0.016499034844504816,
        0.005847080246147983,
        0.6104511736249076,
        0.052013923567683834
    ],
    [
        0.003695903732335455,
        0.0017161557161597587,
        0.004141751835642835,
        0.5659737122965927,
        0.0053549261741377835,
        0.09355919296257917,
        0.12255100908782382,
        0.010188834237292815,
        0.10201184846502526,
        0.006018791122702899,
        0.028850676283604722,
        0.005488314449289348,
        0.004594843588193087,
        0.0062907693300877175,
        0.010416643633499307,
        0.029146627085033447
    ],
    [
        0.001217812918524024,
        0.005418525045051207,
        0.0017131704172808286,
        0.009122929953714436,
        0.0023041760635627733,
        0.00420719076968638,
        0.005729654898995297,
        0.021391992377647336,
        0.012278133185097314,
        0.8827179311585442,
        0.0042773277246678084,
        0.003587505196326468,
        0.0020533953288894625,
        0.002153798899628922,
        0.003440517569733207,
        0.0383859384926504
    ],
    [
        0.0008825524004003663,
        0.0011230691735631148,
        0.0017345820359592052,
        0.05440042002869391,
        0.0009244647439945455,
        0.004341948703484467,
        0.010695772149153583,
        0.0024949842243823014,
        0.8486756949946933,
        0.004449372769353681,
        0.01610411082098838,
        0.001867779230470218,
        0.007720998566439255,
        0.0013591862042784762,
        0.003728460110617609,
        0.0394966038435275
    ],
    [
        8.49688666544533e-07,
        5.002526742800633e-06,
        0.9999544054015025,
        6.13405538626932e-06,
        1.1884999621053362e-06,
        2.653164038539266e-06,
        4.13973621757485e-06,
        1.4861298999272732e-06,
        3.385291360272037e-06,
        1.6795110456855621e-06,
        2.5557813941789258e-06,
        1.1444430532097146e-06,
        1.7607459263018703e-06,
        1.973094593019437e-06,
        8.06151797169925e-06,
        3.580412239990937e-06
    ],
    [
        0.014958423020914874,
        0.0002533416921615384,
        0.00029412108327514627,
        0.0010549618674118753,
        0.9562712469291259,
        0.006014953468623341,
        0.002776548282693456,
        0.0020948824042004164,
        0.0006792061092070473,
        0.0008329520902596079,
        0.0005599453145656239,
        0.007496903432883822,
        0.00037189191136884655,
        0.005465408590765776,
        0.0004106660575732981,
        0.00046454774496956845
    ],
    [
        0.0004394700927685113,
        0.00470983563254558,
        0.002343821938742109,
        0.0050291396165027666,
        0.0006519888472503582,
        0.0015533300595565206,
        0.0032980968238205833,
        0.0005592767630098863,
        0.0033118186372441943,
        0.0013685147837346181,
        0.0026138634530659824,
        0.0003860243978269541,
        0.001139541027781062,
        0.0008803175194612781,
        0.9679922319515708,
        0.003722728455118738
    ],
    [
        0.0026711523528842943,
        0.0051616233932174765,
        0.001582155855600125,
        0.008731647287633077,
        0.008833936181005198,
        0.007469177619347616,
        0.010331779679856767,
        0.02000951177885686,
        0.009127352902412553,
        0.8872241167156547,
        0.004140156676389775,
        0.007231955686688952,
        0.0024110230753922783,
        0.003968097365962807,
        0.00457410016253512,
        0.0165322132665622
    ],
    [
        0.0168678379315537,
        0.0007538794512185623,
        0.0011603014696873013,
        0.0036422110858939454,
        0.011598308748431109,
        0.008548998591840086,
        0.008051227845569513,
        0.0026673317243188516,
        0.003980461506969188,
        0.0019490812504883868,
        0.0038152392649692607,
        0.005970841929335712,
        0.004545567860935764,
        0.9237427751447775,
        0.0013872991743344705,
        0.0013186370196764442
    ],
    [
        0.0008878507226015623,
        0.006193688135026778,
        0.00320465904347978,
        0.03957101323004846,
        0.0014356475955752779,
        0.005032813454991444,
        0.009896381493484532,
        0.004808367119667967,
        0.06057696131859627,
        0.025908129594814464,
        0.012018378899684155,
        0.0018242712675774803,
        0.0031956777957658847,
        0.0014787831234675678,
        0.01904782316930384,
        0.8049195540359146
    ],
    [
        0.0012509713961318682,
        0.004036327045604359,
        0.0023844168639658497,
        0.04000774528161946,
        0.002154101927826887,
        0.007170710704017824,
        0.011719113926974119,
        0.008438860702389937,
        0.02178265881695305,
        0.019899454671362143,
        0.005454439662221105,
        0.0032770299997118128,
        0.0019123699304399075,
        0.0011471544703152343,
        0.009862860333212962,
        0.8595017842672534
    ],
    [
        0.02078369334562494,
        0.000884073153676941,
        0.0011803872499090357,
        0.005515713735630254,
        0.8479519385090063,
        0.03821736853581424,
        0.011508925165159566,
        0.013768528642126434,
        0.003729720475999312,
        0.004439903982344023,
        0.0028870301092313493,
        0.033381936616844306,
        0.0015405790124601653,
        0.009537570071607531,
        0.001870653211701977,
        0.002801978182863534
    ],
    [
        0.0011566598637929003,
        0.000577878977914868,
        0.0006625332823924938,
        0.0026423934578383925,
        0.0006406655236236827,
        0.0010411388761574446,
        0.003463613564453826,
        0.00044362334293328136,
        0.005169044574080293,
        0.0008303823898591772,
        0.003412574322365475,
        0.0007758358087847594,
        0.9747764676627424,
        0.0015632745515211472,
        0.0015044638596819226,
        0.0013394499418580377
    ],
    [
        0.0017746154888216429,
        0.06575029143972666,
        0.020678271488360628,
        0.0223316129132819,
        0.002538992402441559,
        0.0051881011884458966,
        0.011227768583429922,
        0.003143659316725123,
        0.015167351330052509,
        0.009571990552584578,
        0.007725430031568364,
        0.0020032639616575096,
        0.005850142979566878,
        0.002854608588357951,
        0.7878411046000113,
        0.03635279513496759
    ],
    [
        0.005803707454614145,
        0.025038375370291695,
        0.01740813388364022,
        0.13343735024424866,
        0.008044978713969959,
        0.020617039091456027,
        0.06712643365758089,
        0.008243831346414758,
        0.04871286004519006,
        0.017847516394938732,
        0.019588357301458834,
        0.005905578558337238,
        0.012640124450859897,
        0.006741828834163926,
        0.4927213584572873,
        0.11012252619554773
    ]
]