[
    [
        0.026186648449472324,
        0.0103520709572656,
        0.017453735512889756,
        0.026260506105995,
        0.023961434827021538,
        0.03235658787015491,
        0.2456515864212176,
        0.008188411457154553,
        0.020969707664345458,
        0.028403314289573534,
        0.41618517370596636,
        0.0408931787971235,
        0.06176844815536796,
        0.019843989945181332,
        0.0052922323002357365,
        0.01623297354103472
    ],
    [
        0.0011150033428951604,
        0.00037887608849013015,
        0.0002707239676380485,
        0.0016797746814784327,
        0.0021126984584754266,
        0.0027041739168589805,
        0.004258506606156165,
        0.00030302287325887885,
        0.0006307513511036863,
        0.001147913311429485,
        0.9810998064321693,
        0.001081370542183857,
        0.0018999784988335297,
        0.0005427875935868672,
        0.0001489190185718416,
        0.000625693316870355
    ],
    [
        0.9568863206086086,
        0.0013019098736251184,
        0.0013610419708057775,
        0.002832913175149193,
        0.0034504719511146576,
        0.007535721794835094,
        0.0032644451189585266,
        0.0014594559354816207,
        0.0022241246668130775,
        0.00399552514065865,
        0.008921152378768449,
        0.001159002165386143,
        0.002620416254015687,
        0.0012253921365834683,
        0.0007558340282637695,
        0.0010062728009321167
    ],
    [
        0.0027691748697076853,
        0.0005110896871472289,
        0.000370979779568771,
        0.0052288343822873475,
        0.003980109919055627,
        0.008265892135632062,
        0.003992044417003164,
        0.00031941477509397274,
        0.0010759852042841148,
        0.00208110535361811,
        0.9671340230562621,
        0.0009526460948884309,
        0.0021465728450034177,
        0.0004344833343500779,
        0.00016065424142469475,
        0.0005769899046731185
    ],
    [
        0.043112724148473,
        0.012552120215917326,
        0.005358596594850488,
        0.1639512657678989,
        0.07896987869784716,
        0.4231245092045051,
        0.022848266668835486,
        0.0060972350926085436,
        0.05653804650358498,
        0.05083462265473807,
        0.09761354646277236,
        0.01299170450794971,
        0.008806925759029782,
        0.006811891164858467,
        0.00574909662299572,
        0.0046395699331349405
    ],
    [
        0.014568853708165281,
        0.02637857400767557,
        0.23976891100940398,
        0.027322741029545336,
        0.01906152304019023,
        0.012603071682877795,
        0.20585420033515175,
        0.017192182876633433,
        0.019956983078445595,
        0.018273804375633255,
        0.0410572025163944,
        0.11109952262353963,
        0.1369737329606373,
        0.02949421008007,
        0.010864112963836712,
        0.06953037371179982
    ],
    [
        0.0006688567165466957,
        0.0004334474851312752,
        0.0002786417163797741,
        0.9789326094799606,
        0.0033457247112260034,
        0.006903910354140998,
        0.0008121669195943323,
        0.00016008058751628353,
        0.0010465645474934265,
        0.0033847291715017568,
        0.0026397042883493445,
        0.0005163282908548579,
        0.00040279260577403566,
        0.00016433038919606293,
        0.00012010173894051917,
        0.00019001099739394186
    ],
    [
        0.008324899885145743,
        0.01185748450673235,
        0.016074381547027252,
        0.01351838833729258,
        0.015784902178260177,
        0.00972337982679573,
        0.5512559093381453,
        0.013347542102261264,
        0.012835278026327017,
        0.010146008480206326,
        0.08683799904256488,
        0.15605135167802434,
        0.03678871212462922,
        0.03445335076508716,
        0.0071343518785613475,
        0.015866060282939316
    ],
    [
        1.6598458952994233e-05,
        2.032784358273265e-05,
        4.5083397688295444e-05,
        1.1421726828598099e-05,
        1.2454679503150295e-05,
        1.39386628700893e-05,
        0.00014573741695187952,
        1.292859800506764e-05,
        2.7160656209234243e-05,
        1.2741265273692177e-05,
        4.671696296806389e-05,
        7.620382253316994e-05,
        0.00014269731735171116,
        0.00015758009023881104,
        1.9812106121890002e-05,
        0.9992385969949207
    ],
    [
        0.001861678358838774,
        0.0024272665718009703,
        0.003630841097606895,
        0.0012608908734063238,
        0.0018207718463095328,
        0.0009322227057420093,
        0.9308537555597889,
        0.0008099455524780243,
        0.002221205488728251,
        0.0008208072885041568,
        0.008577521225304292,
        0.011291869634531779,
        0.0262043745868662,
        0.0024355279379870117,
        0.0006230014610324611,
        0.004228319811074486
    ],
    [
        0.11850635263724511,
        0.03955711598110224,
        0.034522127265612976,
        0.11213883099655643,
        0.09456856560133903,
        0.05881440713023745,
        0.071360776832151,
        0.1550667585898258,
        0.04045878989063941,
        0.036250529556888324,
        0.09296743233703818,
        0.038477745407318915,
        0.050663983705990796,
        0.022355593521301308,
        0.01990898012104174,
        0.014382010425711267
    ],
    [
        0.0004810545057495212,
        0.0002108281475087956,
        0.0001520611044596271,
        0.9904088492209088,
        0.0020845513816874824,
        0.0019741278172067077,
        0.00044049860497401814,
        7.325234779002185e-05,
        0.00037846210394303146,
        0.0017590064686819808,
        0.001398165847643028,
        0.00021979969994463666,
        0.0002269208225167044,
        6.532708423906374e-05,
        4.893682685885387e-05,
        7.81580158878623e-05
    ],
    [
        0.0006568998132510546,
        0.0004094082065467648,
        0.9895295571250087,
        0.0004168425179315715,
        0.00026307824740831706,
        0.0002727543011636128,
        0.0026100795807731535,
        0.0003369668166175455,
        0.0004262768737654441,
        0.0005246796722801992,
        0.0005903940403585879,
        0.0009285213503698254,
        0.001300665863300343,
        0.000579553290399403,
        0.0002579574319128743,
        0.0008963648689125382
    ],
    [
        0.008767940883478476,
        0.0035719265881944485,
        0.011152834094775826,
        0.003329202001997556,
        0.0036865018327188067,
        0.003264225418847169,
        0.03996645943965869,
        0.002986003640041546,
        0.004112282219831188,
        0.0030728781700888573,
        0.01844562723836231,
        0.007764368665927048,
        0.8599564986314383,
        0.006394160384125019,
        0.0019666570949875726,
        0.021562433695527138
    ],
    [
        0.0017762528981236298,
        0.002241143621777205,
        0.0028184288552756,
        0.0012434858932212451,
        0.0015937710202820659,
        0.0016851285672003743,
        0.01661330525225063,
        0.007014644111617628,
        0.002781741085670078,
        0.0014633806555083048,
        0.0059736818087340725,
        0.015336918885571907,
        0.004578729079373815,
        0.9113690044092316,
        0.009294973741320378,
        0.014215410114841545
    ],
    [
        0.001065648102166777,
        0.0021437231859010105,
        0.0015070329064854162,
        0.0013413093532181181,
        0.0022044302908565978,
        0.001029544122762336,
        0.9179773772146799,
        0.0011566469211802075,
        0.002041819128774767,
        0.000800033753385534,
        0.014733801036983369,
        0.0351641908306865,
        0.009984943152875896,
        0.004554115925373154,
        0.0008371575810084874,
        0.0034582264936617517
    ],
    [
        0.0027726850160609937,
        0.005899039173817584,
        0.008250069296939689,
        0.0027877173415035927,
        0.0038430812845123897,
        0.0020838929990130524,
        0.8456262059514491,
        0.0011479006626506588,
        0.005383529450792221,
        0.0019649954774373407,
        0.015562788999037661,
        0.03862505962549987,
        0.0435714034598765,
        0.005253938464213374,
        0.0012109196490802778,
        0.016016773148115514
    ],
    [
        0.002244325643875544,
        0.019871394250681174,
        0.006819414127391157,
        0.004617741171662371,
        0.007741833136646025,
        0.0031716672752030487,
        0.0695313289980372,
        0.00364744301806054,
        0.012553694516469269,
        0.0029762682623382802,
        0.010618524101985157,
        0.8089968228141512,
        0.009210319853902383,
        0.020484528493229983,
        0.007691049858276297,
        0.00982364447809031
    ],
    [
        1.9958276967464204e-06,
        1.8827361106338498e-07,
        4.809054529603665e-07,
        4.355732448561754e-06,
        6.316991682537721e-07,
        6.280694218930027e-06,
        6.961060684918189e-07,
        1.4400887230202473e-07,
        4.3485654503340505e-07,
        0.9999813715965647,
        2.216598387741668e-06,
        2.9031410051468793e-07,
        3.521129054763278e-07,
        2.0166122467309882e-07,
        1.1527427206099938e-07,
        2.4433846224622804e-07
    ],
    [
        0.028926177579675014,
        0.009984224576215391,
        0.003884762320486787,
        0.33375105781746134,
        0.1787854259316771,
        0.1417387169369088,
        0.02476855200523913,
        0.003247487875690085,
        0.02332718979150671,
        0.04423446193162401,
        0.17795189953867993,
        0.010905117270857212,
        0.009120344346032216,
        0.003579905889936138,
        0.0025859387954860085,
        0.0032087373925242147
    ],
    [
        0.002028707782790344,
        0.00450217580228065,
        0.0033768689300963705,
        0.0022313341503533133,
        0.004248633291639091,
        0.001490896628991096,
        0.04713403998719616,
        0.0016021170115079284,
        0.0030152580418039312,
        0.0010950115076889633,
        0.01164558637191429,
        0.013478607350839996,
        0.8928975591368314,
        0.0029566451334952326,
        0.000943986189880428,
        0.007352572682690872
    ],
    [
        0.000881497864833984,
        0.0014888759718566596,
        0.00018289943815998392,
        0.009793878103567962,
        0.97065414683611,
        0.004041371247907182,
        0.001319605968927033,
        0.00021470497419553188,
        0.0022707089690373466,
        0.0009270342608958611,
        0.00598295746996261,
        0.0009973788711351678,
        0.0006223390277048404,
        0.00022993339796187982,
        0.0001895547647418666,
        0.00020311283300208807
    ],
    [
        0.0013427897783730223,
        0.01695381644104853,
        0.0004741343650304806,
        0.00561909803498181,
        0.9475467138686339,
        0.002536366635083779,
        0.0034509595522949437,
        0.0005767974701733863,
        0.007972857863634353,
        0.0008746800980263962,
        0.005071098167809078,
        0.004003568919564331,
        0.0018343689687974965,
        0.0006097171977972292,
        0.0006004760903380478,
        0.0005325565484131251
    ],
    [
        0.0008057785810623229,
        0.019628231938742288,
        0.0019666970232003647,
        0.001285973261831119,
        0.0033899523874695732,
        0.000766568010101894,
        0.07038202716734268,
        0.001129882905282789,
        0.005372401958654302,
        0.0005739456121184109,
        0.003538833639169682,
        0.8776061719935715,
        0.005657965301378066,
        0.0036899569493933295,
        0.001787359754710307,
        0.002418253515971566
    ],
    [
        1.2024384221264422e-08,
        5.1560118234895826e-08,
        1.4460757572572987e-08,
        8.954178497767743e-09,
        1.5254545801344765e-08,
        1.0279619498358185e-08,
        3.389152370804689e-08,
        4.654641925962765e-08,
        5.066645701910235e-08,
        7.2743528289325646e-09,
        1.586603867985871e-08,
        6.358791510478158e-08,
        1.6360009312860657e-08,
        1.6218781940643018e-07,
        0.9999994668425456,
        2.424331534281832e-08
    ],
    [
        0.006581329814509238,
        0.008246336879794038,
        0.01858231675367928,
        0.005015940053283351,
        0.005074592417301221,
        0.006906927188411807,
        0.10309973200963725,
        0.008497391418149017,
        0.01578799237082827,
        0.005629016904326253,
        0.023359499322482043,
        0.059283201825588605,
        0.026843731815624623,
        0.4166506696033873,
        0.013993388794824778,
        0.27644793282817287
    ],
    [
        0.010733322665414288,
        0.009200469573173551,
        0.007952809835285906,
        0.009506435405419955,
        0.017514890707785346,
        0.009269120335868816,
        0.5319084680114999,
        0.007101088998359644,
        0.008845054697380372,
        0.00635843104229554,
        0.2290915262986036,
        0.05335069046994367,
        0.0658510737756714,
        0.015966047934027953,
        0.0028657678751395567,
        0.014484802374130508
    ],
    [
        2.580491147427007e-07,
        0.9999808082804851,
        2.477249668678546e-07,
        4.340033874263467e-07,
        2.4985106945699375e-06,
        2.8082483263883193e-07,
        1.4290178595676216e-06,
        2.0633720708687918e-07,
        6.98121634014023e-06,
        1.4674970291621195e-07,
        5.461952820140536e-07,
        4.214290092872149e-06,
        6.096888878352254e-07,
        3.9899323677447694e-07,
        6.426753669329385e-07,
        2.974425425925915e-07
    ],
    [
        0.004229489187137847,
        0.016343066707506553,
        0.025075630327724304,
        0.005865398325974257,
        0.007757234653295123,
        0.002920306019535639,
        0.6716148575281641,
        0.005430327460695028,
        0.008728176709681285,
        0.002762487051092523,
        0.016386083559094506,
        0.13104632554056816,
        0.07347374103467018,
        0.01035383908268323,
        0.0034223864916512613,
        0.014590650320525984
    ],
    [
        3.828142287672578e-06,
        3.1222229777574704e-06,
        3.4131179987096855e-06,
        2.2415741663691915e-06,
        2.8909550492136592e-06,
        2.336974417455557e-06,
        8.772974980469206e-06,
        0.9999212188869562,
        3.008554299627201e-06,
        1.6551039448728697e-06,
        5.677317406728936e-06,
        6.992174415968627e-06,
        5.003269057942919e-06,
        1.7151338066040506e-05,
        9.559918221426864e-06,
        3.1274757536465197e-06
    ],
    [
        0.00538152234708608,
        0.0004224818585401338,
        0.0003633000272536267,
        0.0075064645516138544,
        0.0021018202289067394,
        0.9592020976914998,
        0.000919003817575056,
        0.0002923397572520862,
        0.0016337158990490954,
        0.014838080367359018,
        0.005381678576440335,
        0.0004687630901328267,
        0.0005178097853965771,
        0.0003756467788057001,
        0.0002474118691720322,
        0.0003478633539170236
    ],
    [
        0.001000599687994747,
        0.0011568205700057254,
        0.0012859960897802936,
        0.0004446071110955814,
        0.0006378453038618498,
        0.0007504770217345585,
        0.004881490340482874,
        0.002626386078463163,
        0.0017365385890002482,
        0.0005030891992334278,
        0.00202879676474515,
        0.004133085296733026,
        0.002506681575945533,
        0.9589105814233014,
        0.0051892676633908605,
        0.012207737284231447
    ],
    [
        6.209657915255807e-07,
        8.96055332020278e-06,
        3.764098792817749e-07,
        1.1450284078148748e-06,
        3.0980635065137297e-06,
        1.409602769917762e-06,
        1.6053592637091161e-06,
        2.4895551105352374e-07,
        0.999975710716793,
        4.2084010507005694e-07,
        1.2590580590334198e-06,
        2.473096993262667e-06,
        6.825219929022193e-07,
        6.690515940837421e-07,
        7.985702171626695e-07,
        5.212057951776528e-07
    ],
    [
        0.9306500961853502,
        0.0012833798323618206,
        0.0044986733237082155,
        0.006132449535477615,
        0.00273330747200011,
        0.01190572468258955,
        0.004531754268929496,
        0.001187713341765134,
        0.002763452723117165,
        0.01717703431463213,
        0.008881700327333339,
        0.001372240791333207,
        0.003274786330587259,
        0.0012866255094171931,
        0.0007557766450060729,
        0.001565284716391736
    ],
    [
        0.0020008701031285626,
        0.04666010069509759,
        0.004390853123740008,
        0.0024939140108873577,
        0.0064558017208278945,
        0.0019719506665455003,
        0.07523729656084766,
        0.0043323402113406425,
        0.01603537281915355,
        0.0012088352699120477,
        0.007907975816522188,
        0.7638730895019537,
        0.02033536476399724,
        0.02384790353142888,
        0.008171578678944824,
        0.01507675252567224
    ],
    [
        0.0013293712033487037,
        0.023091242686495286,
        0.0022544578005219825,
        0.0038292346130235503,
        0.009710129082891912,
        0.0025339135559301305,
        0.034603941069774276,
        0.0027629661455704064,
        0.014000095061286067,
        0.0014586748434009715,
        0.009527825357245223,
        0.8650012631545186,
        0.007966195228991974,
        0.010779882930276811,
        0.004583379086034442,
        0.006567428180689594
    ],
    [
        0.010420540526346679,
        0.002577716781423886,
        0.0016827198426332315,
        0.03663434627516657,
        0.015259323948173463,
        0.8480775931646388,
        0.005391878814200481,
        0.001300708242503217,
        0.009190671830385405,
        0.022836630787789202,
        0.03534774902917184,
        0.0031165838973978856,
        0.0032203921693408446,
        0.0018979755743765583,
        0.0009564676999851176,
        0.002088701416466732
    ],
    [
        0.0018281420849773223,
        0.0007421063129714531,
        0.9762651842436902,
        0.0009131871251776274,
        0.0005211448860746969,
        0.0007578894898536935,
        0.004716618142611642,
        0.0007778028276566223,
        0.0011060209544422434,
        0.0013590594527953803,
        0.0014266985754044054,
        0.0016345863652045582,
        0.003290011811153528,
        0.0015659250777582193,
        0.0006660280522587093,
        0.0024295945979701723
    ],
    [
        0.0020249685580896308,
        0.005963302266541424,
        0.0041445099001634084,
        0.001435577876788214,
        0.0022288653017502854,
        0.0018230031531770987,
        0.013033656594940856,
        0.014355221167246216,
        0.006228171031988496,
        0.00126598737158526,
        0.004196234332668331,
        0.024856199823072623,
        0.0053223573653524104,
        0.8543030573542103,
        0.04484750177827089,
        0.013971386124154606
    ],
    [
        0.007726166546495105,
        0.015517045551017307,
        0.0145504389264356,
        0.006845610581017766,
        0.00947180346154766,
        0.009342262033360913,
        0.09114329191180204,
        0.019800017327816576,
        0.021055799627351,
        0.006697380661569313,
        0.02893484012375501,
        0.13117165853379475,
        0.0220347964948974,
        0.5472294473234754,
        0.02791915016653954,
        0.04056029072912462
    ]
]