[
    [
        0.015813230197731145,
        0.04761219642375384,
        0.02994277826009548,
        0.011242348493738626,
        0.29580919517278353,
        0.03530742119275524,
        0.006127051383882703,
        0.054826277232605,
        0.04294654092275229,
        0.3320237846483551,
        0.0863951229524239,
        0.007443625360776633,
        0.01452472747444783,
        0.004114553413339344,
        0.015871146870559367
    ],
    [
        0.001451010020507074,
        0.001944279610752962,
        0.0022590779393667853,
        0.0012504563582615101,
        0.004867857817842563,
        0.001165546890028545,
        0.0004297181491774335,
        0.005171686613699145,
        0.006653206532835593,
        0.9710565697067385,
        0.0021275558180736984,
        0.0003026964460122304,
        0.000351841704919256,
        0.0001540919667798358,
        0.0008144044250049656
    ],
    [
        0.007901736840166923,
        0.009247361340725832,
        0.010073337749473742,
        0.8627037252527,
        0.008486314326192929,
        0.004967081149381373,
        0.012277395109853104,
        0.02579718682653094,
        0.005152674231396657,
        0.027789355083920296,
        0.009229554978535772,
        0.0016445868658511876,
        0.005140265332188364,
        0.002464317443905177,
        0.007125107469178108
    ],
    [
        0.012103267485376169,
        0.006138864594606781,
        0.00881445155784805,
        0.008011101258657926,
        0.009186773460700674,
        0.0025435613672358426,
        0.002391111843532725,
        0.04653126056410066,
        0.008402913773062116,
        0.8827990491097131,
        0.006934751330704931,
        0.0009275099273435416,
        0.0013371757250478194,
        0.00045767015906717103,
        0.0034205378430025523
    ],
    [
        0.04060348388385779,
        0.0030048382435406474,
        0.03548097519692833,
        0.009135130587239632,
        0.00926658732387608,
        0.0034328875385956138,
        0.005992017224681766,
        0.8387403983763478,
        0.003076494425485256,
        0.029843703397214656,
        0.005929155028928799,
        0.0009790076899938384,
        0.0018775740373374993,
        0.0019518174879174142,
        0.010685929558054837
    ],
    [
        2.6783662621062595e-07,
        1.1970650644240123e-06,
        1.5189984716697156e-07,
        9.789981193838132e-08,
        1.382717659054419e-06,
        6.458412446845631e-07,
        1.871496568208598e-07,
        2.215893877351672e-07,
        8.82818777535467e-07,
        4.437945971354768e-07,
        3.0635022343231425e-06,
        0.9999873767505149,
        3.649117230463411e-06,
        1.1151034371429975e-07,
        3.205070038202591e-07
    ],
    [
        0.9913114397762259,
        0.0001363644306030805,
        0.0014837100964344748,
        0.0002073840610775833,
        0.0003030308792961492,
        0.0001003013027703431,
        0.00026456215930474364,
        0.004271694871183075,
        0.00019252781468662405,
        0.0008523528468964421,
        0.00025733241747331344,
        9.935056890360255e-05,
        0.000118015561949359,
        4.26189285131521e-05,
        0.0003593142846820291
    ],
    [
        0.0015129451020287764,
        0.004463498519038617,
        0.0018701643822342131,
        0.0007301820957767724,
        0.9177275388338453,
        0.009364873565657012,
        0.0009296931215448025,
        0.00371673164596497,
        0.00933923388881448,
        0.014676437510573584,
        0.027154277101820678,
        0.0023447170237719177,
        0.0025204315797356823,
        0.0009689341564554715,
        0.0026803414727376994
    ],
    [
        0.007239091436385315,
        0.10706872519823585,
        0.009880272838670667,
        0.006966616770726499,
        0.06274708759829672,
        0.5324379405528115,
        0.00473217038664887,
        0.011610924855435006,
        0.060515354117782826,
        0.032135609950215686,
        0.08096968885616379,
        0.029824140319062876,
        0.025912649194046088,
        0.013347074174444373,
        0.014612653751073972
    ],
    [
        0.0009543771268946113,
        0.020985731360630724,
        0.0006856463072677818,
        0.000940059063303181,
        0.046405873076632236,
        0.006213181667663452,
        0.0007344322370655326,
        0.002335579291778526,
        0.002979879295788278,
        0.008235573080085002,
        0.8987177529162856,
        0.002091310239964388,
        0.0045534160580598705,
        0.0005573273606372824,
        0.003609860917943384
    ],
    [
        1.5805643061337624e-05,
        7.47443216360947e-06,
        4.907968864119111e-06,
        1.3703301583201067e-05,
        9.834297215300635e-06,
        3.794295999357324e-06,
        0.9998717102550652,
        2.0197120660707686e-05,
        5.17904300394739e-06,
        1.3428847094809737e-05,
        1.1406455350341713e-05,
        3.7361289089754325e-06,
        6.185619055036164e-06,
        3.069104941572775e-06,
        9.567487032634564e-06
    ],
    [
        0.975143695904698,
        0.0004196014438541657,
        0.002376457253354752,
        0.0008413653228109457,
        0.0008125429801496565,
        0.0002171909027657398,
        0.0009199749539451417,
        0.013760144445561506,
        0.0004227458084525519,
        0.0024690969606362117,
        0.0008087507519063591,
        0.0002672501106817575,
        0.00039632526761564964,
        9.561131335682479e-05,
        0.0010492465802112941
    ],
    [
        0.0004510235900939536,
        0.0014854161961681404,
        0.0003689735969370328,
        0.000319933798502736,
        0.001922648325082402,
        0.0012662544146043683,
        0.00043303134236818107,
        0.0004785363153935633,
        0.000776398968786941,
        0.0007466089398954291,
        0.004988472646133289,
        0.00465907522432207,
        0.98122033211202,
        0.0003059509949533951,
        0.0005773435347386251
    ],
    [
        0.0014729955660601796,
        0.9314998710869632,
        0.0013413846793260316,
        0.0023466676182504107,
        0.008954502048057273,
        0.007501615178071647,
        0.0014825368854474716,
        0.0026703849980932873,
        0.004911948776275221,
        0.008040404959845779,
        0.0176240661811774,
        0.003400584955254652,
        0.005317940679292498,
        0.0009835870587917531,
        0.002451509329093191
    ],
    [
        0.003017719425112461,
        0.012649095596880792,
        0.006078730082339957,
        0.0028251694319766825,
        0.0819265125354919,
        0.7662471294796002,
        0.0030322924463574356,
        0.007117705064058213,
        0.02825011213712345,
        0.01868046042444601,
        0.02632795312873288,
        0.005699828732833158,
        0.006445180660366461,
        0.024928304352763057,
        0.006773806501917223
    ],
    [
        0.0005738929852426209,
        0.00455027480411442,
        0.0005306038650648021,
        0.00035962580611211806,
        0.9200537915109155,
        0.006949235742881605,
        0.00037752646936932866,
        0.0017293513042590904,
        0.0034537773739384955,
        0.009176716510352342,
        0.04809565534431818,
        0.0008880160354424995,
        0.0009194640926515805,
        0.00042665732471762013,
        0.0019154108306199367
    ],
    [
        0.0019134607478559068,
        0.03018182596050261,
        0.0014924110166242089,
        0.0014564857929903654,
        0.08028228219180411,
        0.014518840606297077,
        0.0009205998911106457,
        0.003758514943126426,
        0.008124507928445004,
        0.014110078481219647,
        0.8181678551218958,
        0.006918990038110118,
        0.01001773433913174,
        0.0009528854440722324,
        0.007183527496813956
    ],
    [
        0.010729535546122897,
        0.021878526036843586,
        0.010642922626191754,
        0.004616421519166375,
        0.5072554394425459,
        0.08256949967229624,
        0.005294794157645508,
        0.021031418835660478,
        0.028921180523019212,
        0.03356894618631672,
        0.14586328993618802,
        0.02877751248412201,
        0.02028701594187623,
        0.02022561413691253,
        0.05833788295509257
    ],
    [
        0.06628895687485152,
        0.006285267629155263,
        0.7557932668986455,
        0.014200393945763619,
        0.012676109598644092,
        0.006561476967353456,
        0.005902703541461809,
        0.04980780033036263,
        0.01117162269677913,
        0.039832579835251576,
        0.010004867769053724,
        0.003876534487129593,
        0.009429891045304097,
        0.0020172474337780797,
        0.006151280946466087
    ],
    [
        0.0045235017872587505,
        0.00020795690238991957,
        0.0014718467710110542,
        0.0006074674911927389,
        0.0006480707613931821,
        0.00013890965690396563,
        0.00027446348163700205,
        0.9868280227654533,
        0.00018955014490009252,
        0.003711936814561187,
        0.000426784052162358,
        6.264626366310147e-05,
        0.00011054719463004216,
        6.032478158456736e-05,
        0.0007379711312585134
    ],
    [
        5.9183214257856636e-06,
        1.8356792173642806e-05,
        9.602686520026237e-06,
        3.5545354643923473e-06,
        4.7427729725972673e-05,
        3.213691826681559e-05,
        3.225376538501337e-06,
        7.90253643113746e-06,
        0.999752204428006,
        7.096404964606201e-05,
        2.5066769846931195e-05,
        1.0957507698854432e-05,
        7.170210584536528e-06,
        1.7047308519876963e-06,
        3.8074068191995652e-06
    ],
    [
        0.019608338382301724,
        0.002946112034920483,
        0.8845095743876898,
        0.004092143842640212,
        0.0085945023853555,
        0.006678895373083,
        0.0027138362425804443,
        0.025925898087873482,
        0.009235232404515672,
        0.021191492713546298,
        0.0043939854422336165,
        0.0017460512440507342,
        0.0023557184948273806,
        0.00223868548910869,
        0.0037695334752732733
    ],
    [
        0.005230267047766089,
        0.004573809219066941,
        0.008491366751778015,
        0.0038621932598418857,
        0.047789817654171056,
        0.005256449863608654,
        0.0017181989126379851,
        0.020716021992311668,
        0.018442082659247953,
        0.8607851312026001,
        0.014851872061135741,
        0.001369742223756594,
        0.0022017117538998036,
        0.0006934509109482098,
        0.004017884487229269
    ],
    [
        0.006624133832295376,
        0.003436723822240054,
        0.0039629205273632095,
        0.9362784135386925,
        0.0029571220657837165,
        0.0013233865199427477,
        0.004517839190616543,
        0.015429609255681204,
        0.0021396395722008085,
        0.011598998111614361,
        0.003406036547520995,
        0.0007876827202364316,
        0.0015977749664633628,
        0.0006919940287580867,
        0.005247725300590803
    ],
    [
        0.0005917789751576187,
        0.002094557334878631,
        0.0003832787290069967,
        0.00040896785291672,
        0.0021741607528482612,
        0.0008474192143677256,
        0.0004408395002766075,
        0.0005796850000861567,
        0.00098463175760733,
        0.001126917052769308,
        0.0077962641186995465,
        0.005109054848797637,
        0.976685923315932,
        0.000162804316951446,
        0.0006137172297039551
    ],
    [
        0.005780522685350035,
        0.0311853363055827,
        0.002795627993207101,
        0.0036719886524029578,
        0.07314441448608898,
        0.009984103964322635,
        0.00632570629745844,
        0.008933616600776175,
        0.007439593998350213,
        0.014762384353530647,
        0.6880740726261622,
        0.022510678959059092,
        0.1071983483405977,
        0.0024014999932200857,
        0.015792104743891068
    ],
    [
        0.2020125804848573,
        0.03225706233526575,
        0.070079827611023,
        0.06341002199319459,
        0.04070612805834966,
        0.031824346324363845,
        0.13795736891755142,
        0.1254449214508286,
        0.046564349787095054,
        0.08076872381932619,
        0.04409729169533607,
        0.023819475113392857,
        0.02520316954743232,
        0.01952507773222023,
        0.05632965512976316
    ],
    [
        0.010184015660299764,
        0.04046261062569668,
        0.006826777107024979,
        0.006170148768278126,
        0.18272673978602388,
        0.03204142721690976,
        0.007764748611451366,
        0.013524307947786368,
        0.08186804404516297,
        0.05238119653573552,
        0.41930619718711604,
        0.06266010658961677,
        0.06437240952917507,
        0.0032891728179517314,
        0.01642209757177099
    ],
    [
        0.023103909547843866,
        0.011687030307557094,
        0.008315970608559929,
        0.007402851700414763,
        0.04543108428666778,
        0.008791719878952801,
        0.005557399174624673,
        0.08772917291530836,
        0.00457914801294812,
        0.024953282520102985,
        0.05536688454665097,
        0.004667480542481871,
        0.008550993053691445,
        0.005600530797179802,
        0.6982625421070155
    ],
    [
        0.041894494131138896,
        0.005201111229522235,
        0.6253697469162056,
        0.018642654451677145,
        0.014239691953862956,
        0.005499923389306327,
        0.0037787093336172028,
        0.13768947832928674,
        0.01142216692343136,
        0.1140181439825794,
        0.0077157467515151625,
        0.001885971795043003,
        0.00307579272118279,
        0.0017017840902612998,
        0.00786458400136999
    ],
    [
        0.0034621276815327636,
        0.7920025933456761,
        0.00196997110810444,
        0.0034743667536544045,
        0.03424022978733294,
        0.010028267675227963,
        0.003034496604143472,
        0.005825563915403518,
        0.013209942369687304,
        0.01826142435363677,
        0.08136467174300076,
        0.013333006793210573,
        0.007657071377046197,
        0.0016418833465953557,
        0.010494383145747587
    ],
    [
        0.06100975816719866,
        0.004845263619732566,
        0.012293596366395222,
        0.013868299646634033,
        0.012401330702476551,
        0.0027139236454302358,
        0.006212491241974057,
        0.7784404871389425,
        0.0039927297320617875,
        0.0450625965811303,
        0.008620561787952325,
        0.0015178533618733245,
        0.0019044796926432285,
        0.0015598184855604282,
        0.04555680982999459
    ],
    [
        0.04092695956402122,
        0.01424539848562747,
        0.009563816797711615,
        0.0231274844749007,
        0.029227883990056956,
        0.006590320096916588,
        0.015235973636364121,
        0.1441205175325895,
        0.007435245893768322,
        0.04134137991663519,
        0.027941315525314966,
        0.004728872819421389,
        0.005261302938676072,
        0.005094579040810055,
        0.6251589492871858
    ],
    [
        0.005183344808892214,
        0.022639755867291087,
        0.0031332616790437084,
        0.003049716063375256,
        0.3500982527691185,
        0.02678022173045235,
        0.0038852583557073476,
        0.012725855063761836,
        0.00909857501385654,
        0.018547733479348946,
        0.4105112686806812,
        0.012145381780438237,
        0.011481889844440447,
        0.008354582292503309,
        0.10236490257108885
    ],
    [
        5.275630487252296e-09,
        1.0856427782967379e-08,
        6.3322789179057815e-09,
        5.119161640417735e-09,
        2.8521272511544748e-08,
        4.6206413189075905e-08,
        7.321959885889361e-09,
        1.2710721632001223e-08,
        6.798110541671437e-09,
        1.0697053498974693e-08,
        1.9921220639844457e-08,
        5.321634992353333e-09,
        7.368241292539285e-09,
        0.9999998021580577,
        2.539181536830081e-08
    ],
    [
        0.00014686051326514993,
        0.0009100241975102774,
        0.0002517740307420632,
        0.00010903153789719282,
        0.003428869018403658,
        0.9889566439951182,
        0.00010128202170225289,
        0.00029789680234549313,
        0.0012821482574455346,
        0.0008248835949364799,
        0.0021377630972268837,
        0.0003510434524926205,
        0.00044264794547499675,
        0.0004495996010326901,
        0.0003095319344064508
    ],
    [
        0.006376954672462607,
        0.04527020233969424,
        0.006174007307427958,
        0.007852537732741546,
        0.3329326478217469,
        0.024806686431488166,
        0.004754487424557023,
        0.01683269070548841,
        0.1064873733936916,
        0.2660964273332738,
        0.1503958417625975,
        0.007969821341300498,
        0.009258951877143576,
        0.0022464576608308474,
        0.012544912195555348
    ],
    [
        0.00267694473863442,
        0.003917303115729758,
        0.0011941224160226028,
        0.002034709780667142,
        0.009163229591125015,
        0.0031099412108719442,
        0.0019273715848420981,
        0.0069415653946434544,
        0.0013702726520264598,
        0.0038759914318014298,
        0.012032940474497135,
        0.0016773680227389145,
        0.002004006300743642,
        0.00446365831376555,
        0.9436105749718905
    ],
    [
        0.0013434368318220875,
        0.014563858040162617,
        0.0006665663155808689,
        0.0007322449390704329,
        0.042451840100037476,
        0.005679782392498014,
        0.0013704800033433131,
        0.0020530475082059184,
        0.0037721660008252487,
        0.0045218339442293625,
        0.890931063451494,
        0.015562697563178855,
        0.010041278495226388,
        0.0008827492898938042,
        0.00542695512443147
    ],
    [
        0.023988772529216443,
        0.05796971419140432,
        0.023906086289746237,
        0.02879562927836729,
        0.12714307857255402,
        0.10625267870769887,
        0.14963554184644876,
        0.047286407114268465,
        0.06320004893444389,
        0.06846797736605621,
        0.08722044153251211,
        0.028501699959007514,
        0.03582320501780787,
        0.11135242683674774,
        0.040456291823720285
    ]
]