[
    [
        0.05476064991095404,
        0.07765595977227198,
        0.021287163995160115,
        0.04353274049765733,
        0.1247087643759808,
        0.0354601477089862,
        0.10409452976189706,
        0.17516497228520866,
        0.05707322468295704,
        0.04533341704694389,
        0.17905822246451292,
        0.02457915968697145,
        0.05729104781049848
    ],
    [
        0.01405885002495216,
        0.003955299680464653,
        0.0004008676306105604,
        0.0018518396081738503,
        0.006499821258590918,
        0.010683458632591973,
        0.016789090298803804,
        0.9368798936323673,
        0.0040236195635514095,
        0.001661425809768452,
        0.0006222016301151094,
        0.0005819355287607895,
        0.00199169670124887
    ],
    [
        0.0003226787782778574,
        0.002254116510190187,
        0.00035028193666348015,
        0.0013479254260814458,
        0.0012202708624984503,
        0.0004118162411743438,
        0.00035019335090895543,
        0.0006546144207872353,
        0.0007891063784556595,
        0.9891139958075064,
        0.00046113060953311677,
        0.0008636494007130333,
        0.0018602202772098398
    ],
    [
        0.003388342916621189,
        0.029613161203826954,
        0.002335594547292319,
        0.010130432276086685,
        0.010193231902483738,
        0.003245833555259124,
        0.0043475672547257345,
        0.005720860271533169,
        0.006331485959298166,
        0.015990868874686464,
        0.003593585625169478,
        0.008560208372806992,
        0.89654882724021
    ],
    [
        0.0013008466797711806,
        0.0139589167551179,
        0.00881541094498082,
        0.013632942297188515,
        0.0014850316674500205,
        0.0020845919958303854,
        0.0014058440685613429,
        0.00155007986010969,
        0.0028662386707729074,
        0.0026092879544880364,
        0.006410621113183309,
        0.9393621257374687,
        0.004518062255077194
    ],
    [
        0.002798475399583137,
        0.7590128671596996,
        0.002767654061821547,
        0.13402482005105726,
        0.0034875424363617707,
        0.0035136540887910576,
        0.006736185589670478,
        0.00710443323462797,
        0.012491204505757136,
        0.006540444793304927,
        0.003880017608698913,
        0.017944400315343008,
        0.03969830075528337
    ],
    [
        0.0056475663619696154,
        0.5533438137844781,
        0.0036776314175697017,
        0.14158575058660172,
        0.009592731144769315,
        0.005855858244400209,
        0.011276824611920776,
        0.012144285768788562,
        0.030944525355533836,
        0.03879393536227376,
        0.003522941644606428,
        0.018856865439029327,
        0.16475727027805862
    ],
    [
        0.0039307968420569375,
        0.06511852179741968,
        0.011198042833114036,
        0.7957529436146809,
        0.003404527520790597,
        0.005812829272352715,
        0.010039764235663641,
        0.007882510607651003,
        0.03378597073091996,
        0.011369746421310912,
        0.005267355044113185,
        0.03211844273761107,
        0.014318548342315251
    ],
    [
        0.08386324569200852,
        0.015659921655851797,
        0.0021277558880267106,
        0.005409724985512008,
        0.06752540977411108,
        0.6965481966570929,
        0.01145786389248925,
        0.085243659402568,
        0.007757596036032551,
        0.010686982422330394,
        0.002724753110976629,
        0.004112485070495328,
        0.006882405412504871
    ],
    [
        0.02324522670957532,
        0.007398298295631206,
        0.0007067306819459575,
        0.003072119026469689,
        0.009313827177350902,
        0.02032885827459329,
        0.046484780146672164,
        0.8748023282282876,
        0.00852516404111483,
        0.001390149321778982,
        0.0009206914636415646,
        0.0010683035583985154,
        0.0027435230745401153
    ],
    [
        0.033459190882894695,
        0.5510964476149507,
        0.007649090863872434,
        0.060918248932892514,
        0.02343729815443756,
        0.04330315389936816,
        0.020834033606684052,
        0.033661423178869866,
        0.017531155946186514,
        0.03232552695809959,
        0.021470480285148037,
        0.06400489217906115,
        0.09030905749753476
    ],
    [
        0.06349013468144328,
        0.009080949611899137,
        0.0026086714123344807,
        0.004850220727285043,
        0.008882992279820564,
        0.860786402845937,
        0.007481929368632729,
        0.02256563872408345,
        0.0056965835349696995,
        0.0031012784983452417,
        0.0026447072134851432,
        0.005274893820511279,
        0.0035355972812526225
    ],
    [
        0.03714859757981524,
        0.6578314501290161,
        0.003667473944797416,
        0.03522182764847165,
        0.025985483356191788,
        0.049222272683520876,
        0.03721859535682278,
        0.07054836954478695,
        0.020351408903864263,
        0.011740347612746086,
        0.0071508542742675305,
        0.015339517757241928,
        0.02857380120845748
    ],
    [
        0.17626028127675158,
        0.04982279694489834,
        0.007759525957616645,
        0.021098735690604196,
        0.20073218892749103,
        0.04908806464725087,
        0.208806438040679,
        0.15281454661437582,
        0.05084427257361487,
        0.01767973810937992,
        0.012833963715322584,
        0.012045380704641359,
        0.040214066797373695
    ],
    [
        0.0014551813057341117,
        0.014483206856399347,
        0.0007062067218881744,
        0.0046758269586453785,
        0.00590421882932081,
        0.0016444041473157845,
        0.0016736926515511705,
        0.0034294441431704176,
        0.002873103249098348,
        0.9494839937024381,
        0.001153817132275069,
        0.00197107464686132,
        0.01054582965530198
    ],
    [
        0.00870798811176543,
        0.20794408571784392,
        0.007623221407996894,
        0.11019624681680612,
        0.026547071644574198,
        0.008942495391282623,
        0.020992327541081594,
        0.030953502357620795,
        0.05055121628464013,
        0.3578913557764386,
        0.013571502493550745,
        0.018888776884670045,
        0.13719020957172898
    ],
    [
        0.1941855218573133,
        0.06147700845127212,
        0.022809218374789806,
        0.04250271716445735,
        0.09642269331037032,
        0.08512478197630774,
        0.11118141601625522,
        0.17978472860225056,
        0.0684279112771897,
        0.030157691443696403,
        0.0388719018751819,
        0.029485928311186942,
        0.03956848133972867
    ],
    [
        0.0070752584972352695,
        0.7297043586800448,
        0.0032130397569301453,
        0.07240174490085198,
        0.010398978881525205,
        0.00671994728158176,
        0.010426855644501548,
        0.013818706979734214,
        0.015744409592650572,
        0.05472427041290654,
        0.007008267401056846,
        0.016441559268983136,
        0.05232260270199809
    ],
    [
        0.0068235632427388615,
        0.019789870723212824,
        0.004080809724288228,
        0.03646449099295129,
        0.008119186416901653,
        0.006357926303590501,
        0.05026032744857693,
        0.035249349007181956,
        0.8098848324106078,
        0.006752157238971024,
        0.0019830944255867823,
        0.004143971997999072,
        0.010090420067392945
    ],
    [
        0.16808294690991354,
        0.01313455500477396,
        0.0013837503009293303,
        0.004542857752305196,
        0.015101920006495415,
        0.6908805057489015,
        0.020986441005163316,
        0.06730172490952749,
        0.006898176330261702,
        0.0026146010276537767,
        0.001679790054825106,
        0.002916528586327756,
        0.004476202362921933
    ],
    [
        0.0016389164803823103,
        0.03213073881585536,
        0.0010979106165106092,
        0.017585799260985663,
        0.0023311909628078616,
        0.0013524175790739343,
        0.004827770987391681,
        0.0034906826630597674,
        0.005714755473761287,
        0.0052143756932254955,
        0.0018858836272679941,
        0.003753629758230873,
        0.9189759280814471
    ],
    [
        0.004364362887241843,
        0.001830140066990141,
        0.0002367874884498768,
        0.0012656985085565853,
        0.0011013790212372205,
        0.002115541055986533,
        0.9540683542397647,
        0.028915478958638545,
        0.004384572577462462,
        0.0002947657808646188,
        0.00027701060492447857,
        0.000305587912374713,
        0.0008403208975081656
    ],
    [
        0.002550515928119429,
        0.0033928072841775112,
        0.000649350168307801,
        0.004489256791137481,
        0.0013780136423054935,
        0.0013194626590579898,
        0.9502003968283724,
        0.009729677415028377,
        0.02216450644759071,
        0.0006630973355027006,
        0.0006414218120296053,
        0.0006870542684443148,
        0.0021344394199259513
    ],
    [
        0.0004099575366458317,
        0.011840453172478678,
        0.0011376947002894023,
        0.961863492543637,
        0.0005137053033220708,
        0.00043017000159270807,
        0.0019479340769681204,
        0.0011356103507719868,
        0.01181717502957589,
        0.001597212532805243,
        0.0007209558892606723,
        0.002532562819059629,
        0.004053076043592928
    ],
    [
        7.937814066571484e-08,
        2.2194395785066176e-07,
        0.9999959554820158,
        6.057412483589595e-07,
        1.0325530115401144e-07,
        9.546947612984861e-08,
        1.401814493851062e-07,
        1.1274408486087105e-07,
        5.305242368164653e-07,
        1.325946020189326e-07,
        4.446588598134234e-07,
        1.4115383640410917e-06,
        1.664882629640274e-07
    ],
    [
        0.0059785433920595986,
        0.07534875038403704,
        0.01475310734676515,
        0.06292015105958221,
        0.0072872714477534425,
        0.008058351882802533,
        0.005046376144784207,
        0.00659329406996776,
        0.015376556199766066,
        0.01865461571371461,
        0.008836377246324132,
        0.7408670084366249,
        0.030279596675818466
    ],
    [
        0.0017834939534261036,
        0.9492756803730361,
        0.0005863809747660673,
        0.011813099964673604,
        0.001981372163430151,
        0.0016861168804969261,
        0.0035153237787091986,
        0.003239523670636585,
        0.002794817202795717,
        0.0023364553435285674,
        0.001482463280514895,
        0.003656704252676805,
        0.015848568161309418
    ],
    [
        0.0035990422823108346,
        0.012429226100554228,
        0.009557118814822449,
        0.066973019603873,
        0.0037068235145161403,
        0.0026556063367838443,
        0.034419887173345355,
        0.00869830882219186,
        0.8346159270277469,
        0.004428492448162991,
        0.0031024016589696526,
        0.006072427293983666,
        0.009741718922739161
    ],
    [
        0.005181432716159256,
        0.2858118599310087,
        0.0068691820738674934,
        0.3367771958671931,
        0.00963142374503667,
        0.0052073104218408545,
        0.014842638667668237,
        0.015469942406985751,
        0.03815561376330703,
        0.0755235756997653,
        0.011072421364833303,
        0.0231759558108486,
        0.1722814475314856
    ],
    [
        7.909933727035467e-06,
        3.336960746407661e-05,
        3.8521115965039064e-05,
        2.8494493657838374e-05,
        1.2528046875397687e-05,
        8.246033124130614e-06,
        1.1262997679654365e-05,
        1.21564682569516e-05,
        1.3951849661045239e-05,
        1.397538803970444e-05,
        0.9997353395571618,
        6.342170727715437e-05,
        2.0822801110378564e-05
    ],
    [
        0.7128557338057818,
        0.004401862324898434,
        0.0009657094221852787,
        0.0018567935536519952,
        0.027822539323642495,
        0.18856632491170378,
        0.008358345035449152,
        0.04424701020247592,
        0.004335609727258056,
        0.001660032310856645,
        0.0011765928212923357,
        0.0015973600278635994,
        0.0021560865329405487
    ],
    [
        0.0007393905769946932,
        0.004636252767517325,
        0.0061368863638514215,
        0.004850516401750865,
        0.0009807277344293921,
        0.0008342861088657841,
        0.0007193527155118892,
        0.0006954133403117398,
        0.0018016832502312527,
        0.0014299003910246692,
        0.002988287656600115,
        0.9711342379739796,
        0.0030530647189314117
    ],
    [
        0.010926504161521269,
        0.01112367936920881,
        0.007901736382830949,
        0.025198815980568133,
        0.006548354738441182,
        0.006318029298913387,
        0.02910636820940626,
        0.014477653157101256,
        0.8673480665044164,
        0.004213600318352967,
        0.0024931021676727234,
        0.0070583877474068085,
        0.007285701964159843
    ],
    [
        0.00039876614111503594,
        0.00020179041033574935,
        3.280911806262132e-05,
        6.343640999201411e-05,
        0.9977742841951625,
        0.0002942590690987411,
        0.00012410926393226427,
        0.0004712312411449541,
        0.00011949869560673839,
        0.00025192843262043454,
        5.325423742731913e-05,
        6.107130537511761e-05,
        0.00015356148012660512
    ],
    [
        0.0015120505487016174,
        0.027711556894823224,
        0.007183733197935215,
        0.8744319829169039,
        0.0016876124657601043,
        0.0013552693497981554,
        0.005268985778363773,
        0.0028246861673888513,
        0.028460134405364608,
        0.00439770817049588,
        0.0037732368681935194,
        0.02204979858653981,
        0.019343244649731434
    ],
    [
        0.0032513636380546575,
        0.03580401720792878,
        0.006636213164000156,
        0.8592567093477994,
        0.0019718551108885104,
        0.0033988059173276097,
        0.01237309078359012,
        0.006273189159546685,
        0.03447856568933289,
        0.0037184793144160525,
        0.003993040608432658,
        0.016624160219370788,
        0.012220509839311978
    ],
    [
        0.9614476671799315,
        0.0019034583116291175,
        0.00022807432145737172,
        0.0007481967964969829,
        0.003112904901671884,
        0.016067958417431378,
        0.003813130695630772,
        0.009139510945074031,
        0.0014270528265729488,
        0.0004871523213476238,
        0.0003185268546488599,
        0.0004915531524743881,
        0.0008148132756327514
    ],
    [
        0.002414507965486645,
        0.011747361134011404,
        0.002551690611660806,
        0.0066570514897439925,
        0.00999703351216663,
        0.0031285306024155532,
        0.001955835861102314,
        0.004043882875086207,
        0.0047767261090902145,
        0.9298346964511987,
        0.003004930596518169,
        0.0067323575622917076,
        0.013155395229227752
    ],
    [
        0.002408890123743001,
        0.015582164723545733,
        0.07050850437902415,
        0.03677850158335351,
        0.002790296371537403,
        0.00270326714616776,
        0.003274273649691755,
        0.0027569752564043206,
        0.009558461637306535,
        0.005991452891160361,
        0.021200027285441264,
        0.817920360294224,
        0.008526824658400139
    ],
    [
        0.007971833842619212,
        0.1008477663644371,
        0.028430848193743714,
        0.12231323527481833,
        0.00735544557917256,
        0.010449976594836203,
        0.008981747181714085,
        0.008736533593164054,
        0.022431599287559577,
        0.015323879472862827,
        0.019701231441382486,
        0.6238298850683418,
        0.023626018105348014
    ]
]