[
    [
        0.030111280364542945,
        0.012897999653774065,
        0.1430487210039779,
        0.0578755833912208,
        0.5733633997742037,
        0.021738436511902964,
        0.02124770512179257,
        0.004552301563651634,
        0.009751610727692818,
        0.05074432662095874,
        0.0030083632964873555,
        0.009141462809926183,
        0.012180728354393931,
        0.01487928727037172,
        0.00863283565495086,
        0.01100583586433738,
        0.015820122015814356
    ],
    [
        0.0008675945520235434,
        0.0009139019841326917,
        0.9818630933354271,
        0.0013565362659071526,
        0.0057425245637927145,
        0.00100931403382127,
        0.0006525868795065225,
        0.00018811697745963786,
        0.00016848781713105131,
        0.0026968982103198758,
        9.453486113933242e-05,
        0.00033344342120311763,
        0.0011864947646407743,
        0.0007031193219981985,
        0.00037912477103590976,
        0.0003378825804613066,
        0.001506345659999817
    ],
    [
        0.004178930075785062,
        0.0028370129696509193,
        0.009912535290649336,
        0.0030345922324729845,
        0.003983359097564929,
        0.0018755561384546779,
        0.0012773190733932236,
        0.001616311966205052,
        0.001569739757723508,
        0.011455826632225071,
        0.0008587507930419071,
        0.0020402774906800028,
        0.0036020371846463106,
        0.9418279851039766,
        0.0011107988538244537,
        0.0013817632542377646,
        0.007437204085468275
    ],
    [
        0.000814711049369097,
        0.0019702527899860107,
        0.9785753976829964,
        0.0011417789022701388,
        0.0025289731393903898,
        0.0007455287208126569,
        0.00042349273331942437,
        0.00014430431165385232,
        0.00016950764877406014,
        0.006668107267700794,
        7.464851141268377e-05,
        0.00036949832773550926,
        0.0015725609466759928,
        0.001275350109126372,
        0.0002562747161724824,
        0.0001984158316688442,
        0.0030711973109355255
    ],
    [
        0.00045499616012110604,
        0.006089332996263545,
        0.004366383235633539,
        0.0008112511595421574,
        0.0017004521979396114,
        0.0003466376198073471,
        0.000642757957907125,
        0.00030119308916862767,
        0.0002724939283802562,
        0.9665523745318966,
        0.00029229606592683733,
        0.0013861864450700092,
        0.0032987426064403085,
        0.00217866482589595,
        0.00022597833874829756,
        0.0003417074173199005,
        0.010738551423938666
    ],
    [
        0.06242564005626114,
        0.0211388572273771,
        0.028963355724458194,
        0.25020637770128507,
        0.09061134616151759,
        0.1282311764972523,
        0.08120642891284115,
        0.01320879461681949,
        0.16967425814061204,
        0.01716017625901513,
        0.008464125843933495,
        0.018861970202733672,
        0.01451898722427961,
        0.011402842217999882,
        0.0518207721009397,
        0.02265223394795175,
        0.009452657164722633
    ],
    [
        0.00020447679768488796,
        0.9830789700518712,
        0.0015933968947195562,
        0.00041370774685844106,
        0.0005829771258512751,
        0.00023346815014430136,
        0.00030347265827529755,
        9.426351810175867e-05,
        0.00016595995264281736,
        0.006786078661698621,
        7.258424856676138e-05,
        0.0004254530499830358,
        0.001761909366598544,
        0.0004077519964908106,
        0.00011076038641981775,
        9.798096453450303e-05,
        0.003666788429558404
    ],
    [
        0.00245769618696053,
        0.001345983955186122,
        0.00702044304315909,
        0.019147626442416712,
        0.9332270811633807,
        0.00401605755988419,
        0.014969804881082656,
        0.0014707247291981754,
        0.0017421702762619423,
        0.003304939881822704,
        0.0008011519025480075,
        0.0015562860637296312,
        0.0016460311607062544,
        0.0009323540897467915,
        0.0016562542032960799,
        0.003754103785693512,
        0.0009512906749269771
    ],
    [
        5.436917820284261e-05,
        3.7970106267481288e-06,
        1.5428958981110673e-05,
        5.6325622552064655e-05,
        3.158710490049229e-05,
        3.192076837471977e-05,
        2.6364882825539892e-05,
        4.543110363055519e-06,
        1.550717046230205e-05,
        6.484139661044398e-06,
        6.9775446023696015e-06,
        8.91339794749978e-06,
        4.255225802552521e-06,
        5.867477498548169e-06,
        0.9996683172768137,
        5.4690604935029166e-05,
        4.650525450359346e-06
    ],
    [
        0.008298230721834865,
        0.0007635125072370309,
        0.004528888029628338,
        0.9173150240814537,
        0.037095022709275886,
        0.010578539798638653,
        0.006959854489610915,
        0.0005446198878856547,
        0.002391785423410632,
        0.001857253133391143,
        0.00042895866366648565,
        0.0019214741667800367,
        0.0011817806226933289,
        0.0012695444725083667,
        0.0026738111589300582,
        0.0016379589893744963,
        0.0005537411436801763
    ],
    [
        0.04086828120041942,
        0.08824712774087416,
        0.07767326281448825,
        0.056699550851186935,
        0.06553846994620015,
        0.039817133550236646,
        0.03306822107724836,
        0.1294277383482941,
        0.030234637465878775,
        0.12834742975400126,
        0.017555867007976532,
        0.037564026286361296,
        0.07869932401567627,
        0.10148246556863286,
        0.012237429819208634,
        0.019585724022372502,
        0.042953310530943874
    ],
    [
        0.00016913930364526782,
        0.987676971653742,
        0.0012313693566166626,
        0.00034338770851398686,
        0.00043842273969687217,
        0.00019227338961272475,
        0.0001901473839091538,
        6.392916220489256e-05,
        0.00013461868698964129,
        0.005514920545270142,
        4.394818169485534e-05,
        0.00027243939753176133,
        0.001602859063325443,
        0.00043560666825485277,
        6.769286305437101e-05,
        5.787639458858991e-05,
        0.0015643975013486817
    ],
    [
        0.0014308323601107524,
        0.00042707030449060503,
        0.0005435220862200718,
        0.004138925252698831,
        0.0016292876906383088,
        0.0009909578370572625,
        0.0009120990269473998,
        0.0003483186739854583,
        0.9855879876235168,
        0.0005126117159365803,
        0.0002708024176370538,
        0.0004677154952046153,
        0.00026517194240643417,
        0.000698131202453907,
        0.0008994923927274202,
        0.0006010113085673005,
        0.0002760626694011121
    ],
    [
        0.9999746521379659,
        3.2553049183237744e-07,
        1.7492132799480534e-06,
        4.518102601211496e-06,
        2.533617614286208e-06,
        8.204299268066037e-06,
        7.90342608484409e-07,
        3.1240670413497394e-07,
        1.1598582892245892e-06,
        6.18677481612665e-07,
        2.0942201451563242e-07,
        4.426456215405716e-07,
        3.742451126713504e-07,
        9.274799096441977e-07,
        2.1935275510253216e-06,
        6.709177805151717e-07,
        3.1757570543344253e-07
    ],
    [
        0.0046958142149640175,
        0.0011867124787379908,
        0.005393128115967698,
        0.010590337685974602,
        0.028557868019783758,
        0.0036689040860775693,
        0.015418535191990627,
        0.007414171038726912,
        0.002909952218839277,
        0.0031821140578327236,
        0.00968850592878259,
        0.0028286465497024352,
        0.0015911320017231198,
        0.0018510540198212976,
        0.013905015318155977,
        0.8855524395835911,
        0.001565669489328356
    ],
    [
        0.0037091985896305886,
        0.0008752295136903693,
        0.007900512085886373,
        0.0727196926659528,
        0.8703337129533997,
        0.00629080825841128,
        0.022497425093308286,
        0.0008528221630067469,
        0.0010926518755487366,
        0.0025223275556024447,
        0.0006306624425686875,
        0.0018764619292849774,
        0.0015475101614103948,
        0.0007963824712694672,
        0.0023822702881071125,
        0.00331925235647092,
        0.0006530795964513837
    ],
    [
        0.00764921224934766,
        0.001049005494874129,
        0.005209447681691226,
        0.9024752324749233,
        0.033713992809901915,
        0.014938246408418256,
        0.014333529891261442,
        0.0004687090471300102,
        0.003252725207370155,
        0.0019137287124239696,
        0.0005032515934366772,
        0.002810130468626104,
        0.0015290013935800703,
        0.001151367204648638,
        0.006089117876888836,
        0.002132390880137655,
        0.0007809106053400684
    ],
    [
        0.005694775377325743,
        0.004356713093294366,
        0.0090835241919644,
        0.05218229832013935,
        0.08300317869085849,
        0.011662225517722256,
        0.7452010677304821,
        0.0037316361701150453,
        0.006791268439390952,
        0.007698497595951494,
        0.007923992696433112,
        0.01940650317464529,
        0.007827241627963378,
        0.0023117487997342877,
        0.009527869374856342,
        0.020701137582828513,
        0.002896321616294803
    ],
    [
        0.016255812624584497,
        0.17370985156763938,
        0.0826809171180788,
        0.021356601702248165,
        0.03540311664118028,
        0.00974449182158064,
        0.010593149201532665,
        0.005394472959564569,
        0.01850378493231543,
        0.1831265984869123,
        0.004404952775401459,
        0.01096208432690481,
        0.02154476339504153,
        0.07993748465822922,
        0.009037010395622274,
        0.007592288827953545,
        0.30975261856521047
    ],
    [
        0.0004900254222998502,
        0.013065856230505279,
        0.009468269519627842,
        0.0010238509751539658,
        0.002204964611720396,
        0.00046459062206122623,
        0.000642186105277763,
        0.00019336556189935767,
        0.00023611185755135466,
        0.955005237815033,
        0.00015858031117468939,
        0.0010432680941586923,
        0.008215820289323515,
        0.001764199348353117,
        0.00018856210075209197,
        0.00021620718400481754,
        0.005618903951102884
    ],
    [
        7.702013487865824e-05,
        3.1523542311261137e-06,
        1.6040527768668353e-05,
        8.677748451408322e-05,
        3.407742864631144e-05,
        0.9997160520031623,
        2.0064917753078943e-05,
        2.4354026769037693e-06,
        5.0049292049168935e-06,
        4.475295153257584e-06,
        1.4618085917992273e-06,
        6.341809842742768e-06,
        6.522692990041223e-06,
        3.1044477162422414e-06,
        1.087961431695951e-05,
        4.517227426097314e-06,
        2.0719211267868307e-06
    ],
    [
        0.0007839261385298508,
        0.01274139207998917,
        0.01035171389661779,
        0.0017218181206365847,
        0.003022835204902463,
        0.0012065103679674343,
        0.0017602638575968496,
        0.0003735425488150048,
        0.0003222720729473633,
        0.03446969701925228,
        0.0003386611416650937,
        0.003958041255124835,
        0.9215100840901792,
        0.001552766484515709,
        0.00035006765487352414,
        0.00040591944319980083,
        0.005130488623187253
    ],
    [
        0.0005822394018198514,
        0.002467697142628075,
        0.0025528739621818717,
        0.0015870773252251564,
        0.0017622569658020191,
        0.0013253052467772663,
        0.0021770692667240003,
        0.0003010807945769959,
        0.00024943822106042836,
        0.004156776361224759,
        0.00032143785528500763,
        0.008460620646483678,
        0.9716954581610325,
        0.0007046821342791518,
        0.0002756660883286041,
        0.00032350875401291544,
        0.0010568116725575855
    ],
    [
        0.002946341342188436,
        0.0012977413963452286,
        0.003273197903862062,
        0.07673937463233146,
        0.03367172774345308,
        0.00896179556188407,
        0.8373969511388774,
        0.001272987180635634,
        0.002169340514533911,
        0.0027309586940080202,
        0.0020480025899352215,
        0.015229093372567518,
        0.003853054344176171,
        0.0009151842799059855,
        0.0025951459009882546,
        0.004158879312554771,
        0.0007402240917527653
    ],
    [
        8.069483185782795e-09,
        3.848763998908633e-09,
        6.712510051515847e-09,
        1.3933384743589148e-08,
        1.7026203941792573e-08,
        6.456288815042795e-09,
        3.1063114217297324e-08,
        2.2310637176552643e-08,
        6.8891302516337486e-09,
        1.0356323814214623e-08,
        0.9999997390280532,
        2.807757761477007e-08,
        7.100103755414045e-09,
        5.6505621961345054e-09,
        1.1147362156920682e-08,
        7.822629085323371e-08,
        4.104210186267703e-09
    ],
    [
        0.027607752385942076,
        0.004552777528737838,
        0.019627036720067003,
        0.07524836980367514,
        0.0934785759447472,
        0.017095486613666673,
        0.055916378954698295,
        0.008362816492506019,
        0.018000335603892754,
        0.010967569803868872,
        0.013800424803102044,
        0.01234754567278576,
        0.004763045233041154,
        0.006516137952136782,
        0.2362210324396538,
        0.38938211996320937,
        0.0061125940842691765
    ],
    [
        0.019421282709598787,
        0.005641142580531049,
        0.11766360176213941,
        0.12439313657270024,
        0.576385804291711,
        0.04895252550010176,
        0.032710741158838645,
        0.004670943757217688,
        0.005174356565758026,
        0.012875755886809524,
        0.0019277507580216775,
        0.006792808615999193,
        0.011081308323527035,
        0.007130981589085545,
        0.00913849835091514,
        0.010501749090280028,
        0.005537612486765288
    ],
    [
        0.002900394782807142,
        0.0029129824680399377,
        0.0037104341264789413,
        0.011878446226933528,
        0.0074157718464294125,
        0.005879153727590787,
        0.034931012146264935,
        0.0015556279649417987,
        0.001869531510306602,
        0.0058143851040423685,
        0.00493316117945491,
        0.8865223904826695,
        0.020724107237269408,
        0.0019493635917825337,
        0.0022008476652747577,
        0.0030470315559514446,
        0.001755358383762028
    ],
    [
        0.00810241995863346,
        0.0016859287990069545,
        0.0042895996190079515,
        0.853834981307195,
        0.034553554281060744,
        0.032022134658380094,
        0.03660019601342783,
        0.0016762483579381795,
        0.007354253088532364,
        0.0024372938841923965,
        0.0010816041740350558,
        0.004335294582388692,
        0.002387926192054406,
        0.0013270949978811445,
        0.004286808809259327,
        0.003212643294135288,
        0.0008120179828709001
    ],
    [
        1.5819991459794554e-06,
        6.690078771016252e-07,
        1.687502070363197e-06,
        2.222823976219923e-06,
        3.8122070822785224e-06,
        1.410361764814308e-06,
        2.2537663057169096e-06,
        0.9999700711539671,
        1.1153111029342057e-06,
        1.5246222253482924e-06,
        3.1375511267567543e-06,
        1.06211393635627e-06,
        9.155069728450034e-07,
        1.2334283258054998e-06,
        9.884404931168916e-07,
        5.656671268723097e-06,
        6.575323585909286e-07
    ],
    [
        0.0007993779661174442,
        0.008697711840463264,
        0.007253908657494908,
        0.000912546227155868,
        0.001634119331960841,
        0.000498145681207512,
        0.0005970816417019715,
        0.00037364446064106405,
        0.000477954130752994,
        0.04213504712341947,
        0.0003233312400565329,
        0.0010467770668144908,
        0.0023928863083805493,
        0.007194084064953095,
        0.0004404161263305651,
        0.0004851433350798841,
        0.9247378247974697
    ],
    [
        0.0026717059030891325,
        0.0003819642523684241,
        0.0017016312580213988,
        0.0035060425888028862,
        0.004928669713549271,
        0.0016376468390701814,
        0.003864036111827872,
        0.0025002042447443574,
        0.0012064213390061212,
        0.0010283341854664878,
        0.004866795095767219,
        0.0014476324142030286,
        0.0005792891555037113,
        0.0009336509681200736,
        0.010928083672748987,
        0.9571929413932854,
        0.0006249508644253176
    ],
    [
        0.0037105148405835765,
        0.006708322554583332,
        0.007553742495908139,
        0.010178539576032444,
        0.009416231427136258,
        0.004457784868953161,
        0.017462295076430406,
        0.0016657333890477913,
        0.0025528769821840025,
        0.01968358670198314,
        0.00544102037696609,
        0.8711081644823624,
        0.02066294355771525,
        0.004188617444105059,
        0.0034124173667415205,
        0.004526420009156565,
        0.00727078885011096
    ],
    [
        0.0045377774808847,
        0.004835931276861133,
        0.007199474486011098,
        0.003596130475279914,
        0.0035844748039991214,
        0.0015956941392021777,
        0.0011202301345802326,
        0.0009846113840231256,
        0.003935437558848256,
        0.012080587803170149,
        0.0006427622862187242,
        0.0016475031764657546,
        0.002115587126783474,
        0.9399417895518992,
        0.0012885169559632103,
        0.0010821001112748065,
        0.009811391248534942
    ],
    [
        0.007951046035621388,
        0.0019100179359919597,
        0.005800111556769334,
        0.06894224589580773,
        0.030953465479484393,
        0.024852778070451227,
        0.7705560089004919,
        0.0036680018239982582,
        0.003632100931850958,
        0.003816764061021276,
        0.0069829085283426235,
        0.029946986510567934,
        0.0055746989265764366,
        0.0016923453790269407,
        0.012098509853668862,
        0.02019058414273848,
        0.0014314259675902398
    ],
    [
        0.003246893483008517,
        0.002813912029501487,
        0.0067584662943213645,
        0.02094311117144128,
        0.029295619708253524,
        0.01016642904090076,
        0.8707852099896606,
        0.0022439642485208074,
        0.0017903649119841152,
        0.004725594845438721,
        0.003760855341955502,
        0.01879987242486731,
        0.008003817565121323,
        0.0010838660554490414,
        0.005103122749523306,
        0.008718940991634465,
        0.0017599591484175848
    ],
    [
        0.002091738729435622,
        0.024044587161704507,
        0.027752441216084507,
        0.0029264280384458134,
        0.004852930764530676,
        0.001994555006900111,
        0.0021283177622997904,
        0.000886355568080538,
        0.001165564486209078,
        0.03012239825366483,
        0.0006649826547403583,
        0.0033017901735686596,
        0.009560673809958531,
        0.007318476523493403,
        0.001411091119108586,
        0.001305297272970017,
        0.878472371458805
    ],
    [
        0.00412720070563505,
        0.0007319450596188203,
        0.001024751565259289,
        0.005032248885796115,
        0.002700084361437628,
        0.0015170764349645793,
        0.0012760338360353765,
        0.0006343026307397524,
        0.9748297836605397,
        0.0010403031344236623,
        0.000551444496656288,
        0.0007939290636532281,
        0.0004100033881286702,
        0.0015369350205538521,
        0.0019127750123464457,
        0.0012799974966854182,
        0.0006011852475258179
    ],
    [
        0.004366670592305443,
        0.0012260783902530664,
        0.0034619720286073533,
        0.010029795859325894,
        0.012908734904864803,
        0.0044980116640070044,
        0.023550792825293407,
        0.013639125799838715,
        0.0038190111612032354,
        0.0027679728836992085,
        0.04151034231469759,
        0.006279831322944459,
        0.0020341886801092265,
        0.0018658828789634436,
        0.012418615131674488,
        0.8541343432400696,
        0.001488630322142935
    ],
    [
        0.017393238989369255,
        0.005747392052600484,
        0.02239282168134733,
        0.05232059118792033,
        0.13300666985406764,
        0.01705325557823053,
        0.11649088596896857,
        0.01822251636584486,
        0.013157583929504248,
        0.014136002099362822,
        0.02562705483871055,
        0.018586725671429088,
        0.00837438391712056,
        0.007082088727953937,
        0.03474478724483815,
        0.48805171285467996,
        0.007612289038051734
    ]
]