[
    [
        0.00627370847184599,
        0.9002311604407939,
        0.007915173797362613,
        0.002900942402721936,
        0.004111651003287796,
        0.007210033121744028,
        0.008549615392459596,
        0.0017577535967857247,
        0.008405726950968178,
        0.009865822672958715,
        0.0022320961427532517,
        0.00905327243968073,
        0.0053059996783815415,
        0.004790313223950851,
        0.006885534408049293,
        0.003043055982357888,
        0.0018409271954550755,
        0.002713054762992578,
        0.0040002252626810605,
        0.0029139330527689295
    ],
    [
        0.1449653272710975,
        0.06211249470380642,
        0.029910994858225882,
        0.02129932149581426,
        0.014674382422924888,
        0.04783096997472944,
        0.0328041940048748,
        0.015240134599075373,
        0.07590616037109792,
        0.04208477057143131,
        0.022074528371242012,
        0.18227882138515078,
        0.048130162246011396,
        0.024905465382759683,
        0.10349568892601482,
        0.03848767043339179,
        0.021943188360869482,
        0.023247517862769643,
        0.03076970078677846,
        0.017838505971934118
    ],
    [
        0.01865721202419097,
        0.022365090346334777,
        0.01223247184208468,
        0.012221058220792964,
        0.013594744976510365,
        0.006586225014763134,
        0.5202464416683845,
        0.006876746783590046,
        0.023391300087890272,
        0.2622048411260425,
        0.006932123039302637,
        0.01459816897621668,
        0.005428653320664203,
        0.009371244192906776,
        0.005230349998623759,
        0.004523617721562609,
        0.019353751175565936,
        0.013642852631405857,
        0.008126693410163314,
        0.014416413443004015
    ],
    [
        0.032707772559435716,
        0.164628880168237,
        0.049157121202695976,
        0.06078342129615775,
        0.05779142049005853,
        0.025416749165894172,
        0.1067320456615432,
        0.013925336630405653,
        0.030911181076484617,
        0.10305101653115319,
        0.017174934243274317,
        0.08031036720686524,
        0.05533082520120363,
        0.02550466428444172,
        0.02964487049442903,
        0.017320425945126963,
        0.041817767906618425,
        0.02885225415104453,
        0.027028291372355417,
        0.03191065441257493
    ],
    [
        0.014460246442762047,
        0.020050482228957046,
        0.02831701374232354,
        0.01386122695174491,
        0.02546073412828688,
        0.1398867939389003,
        0.01373502513195229,
        0.025411836975454485,
        0.011566784630202016,
        0.007725442924807264,
        0.04519997689827094,
        0.011871729742864495,
        0.022465886566227188,
        0.0840355152575491,
        0.0864897676261127,
        0.1906268304081883,
        0.006393958126627244,
        0.05664004682662868,
        0.16906920195175415,
        0.02673149950038645
    ],
    [
        0.02131407290047567,
        0.021077117127404284,
        0.009745242984759334,
        0.005447005420715303,
        0.006692633614382592,
        0.006685790152423782,
        0.4838244786142885,
        0.007663448302135594,
        0.03781540425413757,
        0.3303049002099834,
        0.005180613380723326,
        0.010387748053912644,
        0.003030431622715417,
        0.009624330140429575,
        0.004035596253781939,
        0.003855828595933889,
        0.008823142307631439,
        0.009735997377010629,
        0.006498188257076262,
        0.008258030430078864
    ],
    [
        0.004332001006662891,
        0.004960478509726484,
        0.04290539983985692,
        0.013993294501842451,
        0.017809971944974242,
        0.05853671798679962,
        0.011463718974335542,
        0.29326303101203965,
        0.005473536096837844,
        0.007205227985469657,
        0.019765017510621118,
        0.009902691846646732,
        0.007424733107059129,
        0.23096529595990836,
        0.01096185508473904,
        0.030210065322968917,
        0.006443456411598963,
        0.1453420236237744,
        0.058902380390396254,
        0.020139102883741843
    ],
    [
        0.006098266461895999,
        0.007151790457907963,
        0.015208839933101955,
        0.020211539420062433,
        0.015145018011202924,
        0.02421932615425579,
        0.014289672629901464,
        0.09721836011004173,
        0.026412660836077666,
        0.00815609114484155,
        0.44160611460198557,
        0.00947940808370205,
        0.013221346381507024,
        0.03773299313316188,
        0.017453226690400774,
        0.04249059850658563,
        0.006879843022190143,
        0.04439155664392586,
        0.05285135688366022,
        0.09978199089359135
    ],
    [
        0.0695864534569592,
        0.3487528883733688,
        0.04279843680875254,
        0.015843722921316125,
        0.01614973539827051,
        0.05857293887198648,
        0.0630806708553727,
        0.017160792980201775,
        0.05258080218453396,
        0.08030869855172644,
        0.01395276942652284,
        0.02946000374565477,
        0.02094345072671556,
        0.034128137587625416,
        0.04028456772600658,
        0.02095749998500335,
        0.008012736044318635,
        0.023252947156727384,
        0.029224745383311716,
        0.014948001815625243
    ],
    [
        0.03985900654371991,
        0.16674686047181242,
        0.04335907958365052,
        0.017387452534153514,
        0.01207620934508093,
        0.1534346744746343,
        0.025391192911658252,
        0.01847399606683215,
        0.030476122359133512,
        0.028056975689480575,
        0.014978296428696636,
        0.04016089865565232,
        0.05803440955344203,
        0.039904845474277785,
        0.17986393082120103,
        0.04528021695824948,
        0.0049680562218319315,
        0.024691083545362327,
        0.04506778135052706,
        0.01178891101060327
    ],
    [
        0.036746725437558365,
        0.019111110421293886,
        0.011003372033034208,
        0.00911556577502396,
        0.006080845496754014,
        0.008823388877822956,
        0.40455880414775647,
        0.00961609019412963,
        0.013231834913471699,
        0.4022344142150202,
        0.004207726240755388,
        0.0125672448119659,
        0.0050590467282055195,
        0.009606717006745626,
        0.0060848420859476934,
        0.004977856878306611,
        0.00737491983706205,
        0.015114010296355666,
        0.008842262034605985,
        0.00564322256818423
    ],
    [
        0.009498187635478017,
        0.010600444599714792,
        0.01643212211269632,
        0.015119838276459881,
        0.012008371989151384,
        0.06694929695545025,
        0.006258783294090471,
        0.006751646824562799,
        0.006994522759636879,
        0.004239980453534884,
        0.034178149616106754,
        0.012757699688287662,
        0.05045131106373156,
        0.020806590106314093,
        0.47712275812703525,
        0.10284764783863627,
        0.0038244590037453934,
        0.027925032231852654,
        0.09770484238287518,
        0.0175283150406395
    ],
    [
        0.0001282486633231681,
        0.00015409313643981033,
        0.0005511376641935724,
        0.0006798966795857845,
        0.0007050935651256382,
        0.0006757291737205911,
        0.0002495839024505446,
        0.0006201883670033432,
        0.0004471819159163146,
        0.00016170333040115703,
        0.9648549408416977,
        0.00021648860582415102,
        0.00037291829621018314,
        0.000949099547711587,
        0.0005378825424888748,
        0.0009053978587780545,
        0.00017526282800534715,
        0.0013934209645840828,
        0.0015212701498936167,
        0.024700461966646294
    ],
    [
        0.010206688521347651,
        0.027565834961349116,
        0.05264524904543334,
        0.035745372899760874,
        0.03464348446547711,
        0.08778265119425312,
        0.02746051849805897,
        0.1996922215937765,
        0.011262226071627945,
        0.016441933235810516,
        0.023987450959053375,
        0.017834979132785554,
        0.036231198313879644,
        0.119525671220819,
        0.03284048860700046,
        0.06306875287660126,
        0.00893176864676873,
        0.07549927755651291,
        0.0954468120246373,
        0.023187420175046602
    ],
    [
        0.002127487672443333,
        0.011241690232801301,
        0.15537802656810318,
        0.03974208916538643,
        0.1581877426667287,
        0.06847541172880285,
        0.008353601037447677,
        0.022799196602467594,
        0.0036547960477588894,
        0.0046328613734302445,
        0.02001754940633704,
        0.01114670631621601,
        0.028882284615197398,
        0.2140890325902821,
        0.016636477668574377,
        0.02584289634262552,
        0.004424746064682045,
        0.05995382879747008,
        0.09967048864169405,
        0.04474308646155116
    ],
    [
        0.0009456528851615917,
        0.002022155065944821,
        0.024004758107223318,
        0.0022844672046118883,
        0.003912487525643826,
        0.7542455792472575,
        0.0012892227858787072,
        0.004154182003624437,
        0.0011108253085267508,
        0.0009148255741851596,
        0.003920740638851545,
        0.005016268537851991,
        0.003922881323133073,
        0.10618310520280323,
        0.014571805277336142,
        0.022920399850235966,
        0.0008612267611862904,
        0.011442305995552512,
        0.032979140183199,
        0.0032979705217919563
    ],
    [
        0.0022224459423240465,
        0.0035636440734144997,
        0.02343119767247705,
        0.004374585999490549,
        0.003181108715910266,
        0.745668399380517,
        0.0016358182632241918,
        0.004197427611326606,
        0.0018907212121549236,
        0.0016484881814129695,
        0.005058755770556082,
        0.005694520490063625,
        0.013086063184187981,
        0.020483749451079537,
        0.1034093851110288,
        0.02271630968157828,
        0.0008629006641014217,
        0.010027815950264972,
        0.02360552901365391,
        0.003241133631233454
    ],
    [
        0.0036977520873785813,
        0.004275706361585167,
        0.008235059125294665,
        0.008930157015819104,
        0.015479546006906358,
        0.01593766411705921,
        0.006928596991892529,
        0.017539796140203737,
        0.008767494639658329,
        0.003262667814499172,
        0.6183557856519771,
        0.004078984973811322,
        0.00699645263230981,
        0.024810132102454387,
        0.012968799727039551,
        0.04182545356768182,
        0.004193150736198666,
        0.03207387385875219,
        0.05421080546898868,
        0.10743212098048947
    ],
    [
        0.0018660336359817794,
        0.002674186352424552,
        0.010128913431563023,
        0.004058800730232156,
        0.004823052892400189,
        0.22954384576578454,
        0.002051315127108422,
        0.0147727868548491,
        0.0018198630373440275,
        0.0012740753299461235,
        0.011954606390319882,
        0.003589302063799129,
        0.008309682730718823,
        0.059235011374383646,
        0.03964587087665175,
        0.41909650070823845,
        0.0011951959635359514,
        0.023711837351582117,
        0.15489717453575555,
        0.005351944847380705
    ],
    [
        0.004276202288332095,
        0.004637033751878845,
        0.008397714176404586,
        0.005495880080572574,
        0.008080247775107857,
        0.05321531371722866,
        0.00378765295172295,
        0.011006898575064405,
        0.003271343661642212,
        0.002025060941049411,
        0.017488886285555016,
        0.006779930279793048,
        0.012629554936276375,
        0.030997047191426406,
        0.056726037644431106,
        0.6238714744060928,
        0.00305407436971675,
        0.0247694109381415,
        0.110926275786727,
        0.008563960242836477
    ],
    [
        0.008375248390214897,
        0.025182225839979967,
        0.19273957904309594,
        0.03246750283190777,
        0.012046649694725488,
        0.23717928972433444,
        0.008664808040026851,
        0.012515059577810527,
        0.008582107630220659,
        0.01257802050546662,
        0.010571630631565956,
        0.06477644947740605,
        0.11527651827342247,
        0.03927641763027472,
        0.124528698558805,
        0.02318860848729983,
        0.003933665841436514,
        0.02384546455815246,
        0.034072518064712926,
        0.01019953719914089
    ],
    [
        0.004721763006036771,
        0.006458599622273432,
        0.016564601282645555,
        0.019652793472742774,
        0.02388305859095174,
        0.02901519080253214,
        0.012493730891790757,
        0.24132149846332093,
        0.011505559485848343,
        0.006079162266667716,
        0.20374375707585152,
        0.00766229711877315,
        0.013248127103049716,
        0.06772118355210123,
        0.016015303769681372,
        0.07076209858389913,
        0.007039375821564585,
        0.07385637595242477,
        0.08433141740671378,
        0.08392410573113061
    ],
    [
        0.007509275590493806,
        0.011485952474191404,
        0.02503728479790131,
        0.018236435981450392,
        0.03068253253966661,
        0.061978286714002746,
        0.0187253102657326,
        0.12927090423459742,
        0.010265550998403608,
        0.008085236829748106,
        0.052069047201553316,
        0.013744217628956498,
        0.018631009165838052,
        0.13784939927909637,
        0.02787365239055794,
        0.14384237833492472,
        0.009690927880834439,
        0.08728524367546711,
        0.15277569649488154,
        0.03496165752170209
    ],
    [
        0.008548997272618968,
        0.005593815295102721,
        0.013275273636141135,
        0.02333297592499873,
        0.020255806374919853,
        0.006891592080164922,
        0.02324359564919091,
        0.009419421942217223,
        0.006177546383378516,
        0.017262267139786628,
        0.007930087054466692,
        0.0275721409140652,
        0.008113998946743074,
        0.010456878595825463,
        0.005959839689436562,
        0.006787387615028491,
        0.7520669679913303,
        0.021695272419254952,
        0.01031567157745926,
        0.015100463497870413
    ],
    [
        0.016077783132263948,
        0.01802988759927343,
        0.045723118441514644,
        0.02952322715800506,
        0.029395626726891392,
        0.05621847078753032,
        0.030103552640971743,
        0.14175864347910538,
        0.05339881279287197,
        0.022826808842709403,
        0.09483427851715123,
        0.0473182562480751,
        0.02274719994018926,
        0.08949976420781934,
        0.030553133981227824,
        0.05770712837294031,
        0.029250154185159992,
        0.05746619446876369,
        0.05968775614872186,
        0.06788020232881414
    ],
    [
        0.007286072903468304,
        0.005187846428178275,
        0.009176839972538233,
        0.011140293628741466,
        0.007600189368970265,
        0.0467722193182087,
        0.004789024309894562,
        0.01241589050042882,
        0.00460800191238193,
        0.0029154486789925256,
        0.02704769188758761,
        0.00974986741616515,
        0.03263637693860072,
        0.019733217980260682,
        0.17181108629908137,
        0.46619539366182994,
        0.0038456477558502103,
        0.031825286595016114,
        0.114771581993297,
        0.010492022450508117
    ],
    [
        0.008944525021830008,
        0.005714736938488366,
        0.002275193664613047,
        0.002322453895465902,
        0.001144861576869373,
        0.001549450290650905,
        0.026598696844381983,
        0.001434140246489674,
        0.012732280798349963,
        0.9216315018779969,
        0.001259811194092569,
        0.0030708692508688118,
        0.001384813917360844,
        0.001417555337866758,
        0.0014584048334872336,
        0.0008685308788629924,
        0.0013215261632163278,
        0.0018916234368551068,
        0.0013436617036419313,
        0.001635362128611256
    ],
    [
        0.0036561630854721567,
        0.007246527568401426,
        0.03007369888833283,
        0.01995501025537683,
        0.3472087555719298,
        0.024917457345415405,
        0.010832591253792654,
        0.0194221783601021,
        0.005383650657529427,
        0.004858966630182849,
        0.05333012185052304,
        0.009953291962016175,
        0.011934929443579333,
        0.08357316775159226,
        0.012631349159109429,
        0.03562116070991488,
        0.01913881563997887,
        0.07093437206996997,
        0.06955811839064338,
        0.15976967340613724
    ],
    [
        0.004427915541443782,
        0.004543746879166736,
        0.035524076711342494,
        0.1111443776855918,
        0.0416254472982838,
        0.01880974874811672,
        0.0174447248852391,
        0.03622579959824211,
        0.0071023909685460065,
        0.010701244809904744,
        0.07822829672326996,
        0.009063520383008847,
        0.01243295949327086,
        0.03690109160853662,
        0.010571915839513588,
        0.015198680038653352,
        0.010908506649312559,
        0.2744274869540297,
        0.04931155375840225,
        0.215406515426125
    ],
    [
        0.002843802255958238,
        0.007577307613531468,
        0.0870318885242867,
        0.007075368785862976,
        0.01109199844051001,
        0.5788744689733881,
        0.003351815163347658,
        0.009086648871578583,
        0.002726054159755311,
        0.0028693703570688554,
        0.006329738717239666,
        0.0216568650508525,
        0.016826616858175707,
        0.10259418531843655,
        0.040203368474707284,
        0.03528930569697727,
        0.0028212431625597974,
        0.017610351586221228,
        0.03809120023198062,
        0.006048401757561444
    ],
    [
        0.004907119542988289,
        0.00986498186753477,
        0.02072765897473332,
        0.013893898589751697,
        0.030219977807830086,
        0.03961197701336928,
        0.016258490059526575,
        0.36008663324189544,
        0.00809624463235188,
        0.006508713548529573,
        0.03406996244904367,
        0.009687885215523925,
        0.011674610840012048,
        0.14656932484956423,
        0.014280754836316568,
        0.07599153198760424,
        0.00865725209932994,
        0.06542719760930074,
        0.09347517234860274,
        0.02999061248619115
    ],
    [
        0.0020497213808760226,
        0.00416254220222251,
        0.013805858847724721,
        0.011582646633041913,
        0.017884920420899206,
        0.05804757466203717,
        0.0040196800823912564,
        0.022037240716247124,
        0.00216295886733758,
        0.001932067513947177,
        0.023527361436343024,
        0.003832612512011487,
        0.01577546572514599,
        0.0657488329988731,
        0.025077296171455175,
        0.1654497108018343,
        0.0021499414513447604,
        0.0650042391392422,
        0.4803802551025677,
        0.015369073334457658
    ],
    [
        0.006635110293257968,
        0.005701640509771047,
        0.01384937544537809,
        0.023761550732528728,
        0.012469508867098758,
        0.047057397235332386,
        0.011216084706689378,
        0.05460307536483348,
        0.005021783504296891,
        0.005132104528889367,
        0.038549048176676814,
        0.00656826848120532,
        0.01975394519546993,
        0.03988421609269473,
        0.037189536438344696,
        0.12669105106195208,
        0.004067371789264763,
        0.18325337315270518,
        0.3395714430299227,
        0.019024115393687695
    ],
    [
        0.07663253320309964,
        0.13103137931254996,
        0.028296817290689193,
        0.05201190176818489,
        0.026505715153264102,
        0.024250748653898212,
        0.1626320434608201,
        0.01665722314881365,
        0.04127499441901809,
        0.12860759574603142,
        0.017689704113410504,
        0.0551535804749076,
        0.05005640401980948,
        0.020279910669571636,
        0.036008235541652896,
        0.020285108436677322,
        0.027954339869257026,
        0.03074704962180762,
        0.030561793670371935,
        0.023362921426164706
    ],
    [
        0.0007378232777656723,
        0.0032474683407438514,
        0.8490489225898045,
        0.0064546865851574965,
        0.0214539226240291,
        0.03027659134919003,
        0.0017206572186572694,
        0.001998854877840188,
        0.0008874663396942703,
        0.001441020183858129,
        0.0024369794859742905,
        0.007736410481589931,
        0.006369002827394083,
        0.03035658555073492,
        0.005726166878184436,
        0.003933810290733327,
        0.0014645054210848738,
        0.009020912256990483,
        0.010563402997185986,
        0.005124810423386839
    ],
    [
        0.006999052425222156,
        0.029052984101190196,
        0.03963611296212825,
        0.033703528452742236,
        0.016827430502753433,
        0.05005147907456688,
        0.00829147136834331,
        0.009199161380979443,
        0.005166737987472302,
        0.0076664690829365886,
        0.007708229585133755,
        0.05853656102127393,
        0.5263154774958266,
        0.02148490991194413,
        0.08876274764044033,
        0.027932038058883998,
        0.0060460435945272305,
        0.01762045486658834,
        0.030668215897876546,
        0.008330894589170385
    ],
    [
        0.0021699209962930993,
        0.0033868727166069374,
        0.0270861251764559,
        0.748610383701792,
        0.04247434530608358,
        0.007905047428879796,
        0.006424726482169755,
        0.0064385411005296045,
        0.0022371367360027165,
        0.005497779472128767,
        0.009080485540911405,
        0.009357470873976875,
        0.024478439060034232,
        0.010117271096167373,
        0.006924257180575254,
        0.005733131260289274,
        0.009367296431624227,
        0.03438964656279826,
        0.013716559689406051,
        0.02460456318727465
    ],
    [
        0.0002294613003722147,
        0.0007914374706428202,
        0.007220087561453237,
        0.0006996778232836386,
        0.0008736814249686852,
        0.9480517261626621,
        0.000360915992565285,
        0.0010470608740457922,
        0.00025267178935391583,
        0.00026051739579225323,
        0.0007223321648931681,
        0.0008600021563692904,
        0.0014276120308977455,
        0.016376744666874776,
        0.004470797479178676,
        0.003952170754496133,
        0.00014457090046861046,
        0.0025137578257056386,
        0.00911291391623413,
        0.0006318603097417976
    ],
    [
        0.00040782190354649413,
        0.0005619798729697125,
        0.002070473069566814,
        0.001240734291106039,
        0.0014684661270309635,
        0.019813076358485858,
        0.0005107840694509002,
        0.004167649517665895,
        0.0004036539298753772,
        0.0002836431551709535,
        0.003183346486809867,
        0.0012679395780441083,
        0.0027995687842600108,
        0.01242638232791948,
        0.008570068613205925,
        0.8769554241205171,
        0.0004444987075433925,
        0.007176075344013485,
        0.054728720320528106,
        0.0015196934222892829
    ],
    [
        0.002358075867284431,
        0.005975832297919505,
        0.69067850586732,
        0.037395108147858104,
        0.030355123905039322,
        0.03339375085873936,
        0.004951956216754421,
        0.011361801685659952,
        0.0034218743314515083,
        0.006395675306469223,
        0.008008476820118134,
        0.029685231510265413,
        0.019827211290238057,
        0.04004603004602936,
        0.010562181112519069,
        0.008105967578435517,
        0.006879179158717488,
        0.021028994019477727,
        0.014652283178499986,
        0.014916740801203296
    ],
    [
        0.00215554889786103,
        0.0032074487899188997,
        0.010149684600815893,
        0.002607837096425391,
        0.002547809959680211,
        0.7487398359543666,
        0.0017541287423679932,
        0.006944191737762773,
        0.0021594141154858853,
        0.0013528048868046974,
        0.006467572906651703,
        0.0036283901136446874,
        0.00612160529287938,
        0.030879557273521967,
        0.054803474369022914,
        0.06162249298567653,
        0.0007550441566917674,
        0.010546200973500532,
        0.040409784846941854,
        0.0031471722999793727
    ],
    [
        0.0006661278391246187,
        0.0010508291377645516,
        0.006903182696668339,
        0.007803193754387803,
        0.006224455558587241,
        0.016213363754661193,
        0.002114865730835326,
        0.012575286264241824,
        0.0006404756585858314,
        0.00085549499584239,
        0.00517337172850296,
        0.0019465219246667768,
        0.004358704438823795,
        0.033401043995131434,
        0.005118140194401553,
        0.02066244391916904,
        0.0010013712842006175,
        0.46316105144821607,
        0.40466984143594764,
        0.005460234240241053
    ],
    [
        0.0061315657992042924,
        0.012289564779497001,
        0.04470259713797943,
        0.010765140715354289,
        0.011100268487337788,
        0.345654630743085,
        0.007539410266259864,
        0.055279738457501996,
        0.009400699273102301,
        0.0059667111117893655,
        0.019644046239277586,
        0.02465368123290148,
        0.021388902152060775,
        0.1468490960857492,
        0.054936355830835705,
        0.10485102386903952,
        0.004278662880893996,
        0.03104740378984319,
        0.07121349880318212,
        0.012307002345105124
    ],
    [
        0.0023850609683689784,
        0.0026414382910313135,
        0.012452533191897638,
        0.7065285740612046,
        0.008985888610045184,
        0.009135688492353097,
        0.004062018037782732,
        0.00712971778573291,
        0.0019678673957214217,
        0.0035686003536621867,
        0.007919228164806108,
        0.01189305457418974,
        0.13277201830099752,
        0.007030254035678393,
        0.014911168815603941,
        0.009511244734170005,
        0.004708744968346441,
        0.02634464763827969,
        0.01708432876147338,
        0.008967922818654673
    ],
    [
        0.0003019933363247068,
        0.00036075341341965746,
        0.0013555329742077845,
        0.002067586543147322,
        0.0021009261834730895,
        0.0017979490126583926,
        0.0005833790552549624,
        0.002100168663201233,
        0.0008173206469678516,
        0.0003609055220290021,
        0.9263657595283675,
        0.0005354928215736619,
        0.0011598368459485287,
        0.002688339022430014,
        0.0014737991045549665,
        0.003213022512215181,
        0.00047613346727905687,
        0.004554971619716733,
        0.004949451208881735,
        0.042736678518348524
    ],
    [
        0.0069728759899093965,
        0.006090406618729745,
        0.02452799972981935,
        0.37850890282063304,
        0.01687123973887509,
        0.024366194908941333,
        0.008222955652911512,
        0.012816257367855579,
        0.0046443105323324,
        0.007545985931758374,
        0.02048885254105954,
        0.018696162290438113,
        0.24967874869490458,
        0.014784048011088607,
        0.053527454395685625,
        0.025753961509203085,
        0.007833636339736475,
        0.05692428120741587,
        0.04294315008896947,
        0.01880257562973294
    ],
    [
        0.022056958118060632,
        0.04678961597749834,
        0.14536058109286817,
        0.024131027645889078,
        0.020432856264877414,
        0.22654294404167458,
        0.021089101282422168,
        0.043386011699665106,
        0.028325220421657447,
        0.03206891014717832,
        0.023622007564301748,
        0.03525568056902582,
        0.031512573143074415,
        0.09194372104042789,
        0.06013946895715106,
        0.03627217164325953,
        0.007802286897415256,
        0.03741211201755946,
        0.04538625102958118,
        0.02047050044641235
    ],
    [
        0.02717388981471901,
        0.019219965547895786,
        0.005142141873271013,
        0.006294300449184587,
        0.005854479512649473,
        0.006020802968634598,
        0.7701473714118133,
        0.008847107004668361,
        0.02883172867820084,
        0.04550773895900781,
        0.007158382999715545,
        0.007723251814830933,
        0.0043270047679898555,
        0.007644014319179151,
        0.005739902377836182,
        0.0065302707728522955,
        0.007239484102908954,
        0.0118104722855984,
        0.01029791186958896,
        0.008489778469454852
    ],
    [
        2.316781226308877e-05,
        6.275355936017522e-05,
        0.0008814588667171653,
        0.0001066631572339311,
        0.0005658109731758525,
        0.0014949536635150806,
        6.912014491705064e-05,
        0.0004803493179346179,
        3.567899779485465e-05,
        3.523348048408288e-05,
        0.00020599215383042895,
        9.826166079852901e-05,
        8.764066583800108e-05,
        0.9923822548305216,
        0.00013381360895140966,
        0.0005246324448641292,
        4.902381509219633e-05,
        0.0009705510266259527,
        0.0014958320052346804,
        0.0002968078148472106
    ],
    [
        0.0007946908093777581,
        0.0014989191722302826,
        0.005930607110293839,
        0.0060812278365831975,
        0.0068029157081572755,
        0.021653200948512707,
        0.0018716146998297115,
        0.007637838113284304,
        0.000944687034305815,
        0.0008154698027560709,
        0.013354314816608728,
        0.0019096595995734818,
        0.006309146054088013,
        0.026013302413024495,
        0.010277362368512295,
        0.0527134001375972,
        0.0009421841802007083,
        0.04525180823833402,
        0.7803524317129459,
        0.00884521924378425
    ],
    [
        0.00026506962579860087,
        0.0007746156400748078,
        0.008168569876671038,
        0.004333461689616367,
        0.9501584021446933,
        0.0019207525863575488,
        0.0009950137428816374,
        0.001168586857226986,
        0.0003582941783039202,
        0.0005723102751189842,
        0.0016803474115266869,
        0.0015809604035213803,
        0.0015792942034169963,
        0.005670105945958769,
        0.0009053474247464774,
        0.0013398103119698517,
        0.002892015169881385,
        0.004658147500692862,
        0.0032367312833746762,
        0.007742163728168151
    ],
    [
        0.00825710227737372,
        0.012754027898762252,
        0.03747858377349107,
        0.026770756863857083,
        0.010374876175390305,
        0.10910199153778402,
        0.005154231321738516,
        0.008744453263823022,
        0.006209602755110198,
        0.005854595900488094,
        0.01624180537605719,
        0.017231962977011028,
        0.18416103391195865,
        0.020536573536724684,
        0.41738997459642585,
        0.03955106842701454,
        0.0031893314983222547,
        0.02035033686220238,
        0.03999920214790888,
        0.010648488898556322
    ],
    [
        0.0006087644189943969,
        0.0005956715126271654,
        0.005387958970870561,
        0.009356577746428169,
        0.0064456917315012215,
        0.004644130609117885,
        0.002208190009723485,
        0.019766870440076755,
        0.0006626608604616555,
        0.0010344818821037478,
        0.0059142190147756235,
        0.0017306717168125729,
        0.00197715887041045,
        0.01472663209665641,
        0.0018746916952029889,
        0.005370880892518832,
        0.0020712557196168155,
        0.8867473687882826,
        0.019666818520069636,
        0.009209304503748886
    ],
    [
        0.004193304536103696,
        0.01036384920261221,
        0.018075564529768193,
        0.010690804711450345,
        0.008285911261569686,
        0.17583800473323188,
        0.005150117404584836,
        0.015786500580044004,
        0.0033197122812734076,
        0.0030526350494353557,
        0.00855372526532176,
        0.018018631454569434,
        0.06753842749429864,
        0.04478925173267745,
        0.16934053845898953,
        0.2700082149170363,
        0.0026101917513013965,
        0.02673616595705721,
        0.13162976090115464,
        0.0060186877775199425
    ],
    [
        0.00020701952342279224,
        0.0003672361679704875,
        0.0014378807595221011,
        0.0015765867062181582,
        0.0033230913430706073,
        0.0008652293205782109,
        0.0007134444125307821,
        0.000884318059516127,
        0.0008101154821554646,
        0.000428824251825688,
        0.0195693667010764,
        0.000463956552737688,
        0.0005686383671070046,
        0.001793501956670007,
        0.0005649175103512377,
        0.0008084037498448792,
        0.0005169006779133807,
        0.002292323836889012,
        0.0017133585679139493,
        0.9610948860526859
    ],
    [
        0.0006863698838279884,
        0.0007769098930633327,
        0.0033127949304024976,
        0.0031993487257367015,
        0.0019344020113528514,
        0.004660653470707371,
        0.0019726567735620275,
        0.9332149458710073,
        0.0011163989664439136,
        0.0012287704607386795,
        0.003944050804306124,
        0.0015546869645768097,
        0.0016670619849717247,
        0.010321426450549174,
        0.0017254070663637851,
        0.004843973095003232,
        0.0009908701346586332,
        0.012688094054684467,
        0.007104602196928054,
        0.0030565762611151834
    ],
    [
        0.012755518602314206,
        0.01642269569052809,
        0.016414511034922176,
        0.03738581031012228,
        0.010833357382900389,
        0.03414424368008688,
        0.00865925298584281,
        0.009547127398970633,
        0.0076336408969585575,
        0.007448844548852614,
        0.01574408079868946,
        0.02369413934405154,
        0.44406272197230234,
        0.013651114362030247,
        0.21915974940872368,
        0.04515312606566397,
        0.005416257995139474,
        0.020732597178404956,
        0.040215784348822496,
        0.010925425994673126
    ],
    [
        0.00018738829677983457,
        0.00021029173059772152,
        0.0024940654221516463,
        0.0037014739363532977,
        0.0027668361591144334,
        0.0029277043927386052,
        0.0005356814544059202,
        0.006892204124403733,
        0.00019911403053670925,
        0.000267662690397004,
        0.0026532850168737568,
        0.0006671279727366547,
        0.001056044162585832,
        0.00959615152046135,
        0.0010140844277430569,
        0.004037895725526024,
        0.0005877694962811325,
        0.9367964087362632,
        0.020220645533361056,
        0.003188165170689088
    ],
    [
        0.0009742045256234527,
        0.0018161499289891926,
        0.012588182878491458,
        0.009346256438782733,
        0.02952233355180774,
        0.01029201440518894,
        0.0036749296891934796,
        0.016219858538210695,
        0.0027244157491979216,
        0.001746901599029932,
        0.12044432539086594,
        0.0033421176464552495,
        0.003793697084546514,
        0.04721235732932672,
        0.004102680821917728,
        0.011946167536641891,
        0.003268880156490368,
        0.04205665659956219,
        0.03342245552971097,
        0.6415054145999669
    ],
    [
        0.005830539353542472,
        0.015366069785661117,
        0.028130637441851056,
        0.01951347865736659,
        0.02521023338625012,
        0.09326885776461107,
        0.0158183680542086,
        0.022900183467306757,
        0.00359072265976535,
        0.005685598827349543,
        0.009659547338288603,
        0.016782257886921906,
        0.03378858350349959,
        0.08897528764516766,
        0.04441316464163799,
        0.10524670726805854,
        0.005416317875328581,
        0.11198226778066687,
        0.3376940549821523,
        0.010727121680365222
    ],
    [
        0.0016013312599942263,
        0.001377933519124875,
        0.003835873278336164,
        0.0032892570604529845,
        0.003108063991021581,
        0.023251095244714227,
        0.00199911703325257,
        0.014976112038175,
        0.0013021983300361894,
        0.0009565865765241825,
        0.008227502313196302,
        0.003677539664307267,
        0.005277679964985493,
        0.020684613462182505,
        0.015674241491717124,
        0.7392088482464138,
        0.0015707048739349147,
        0.030886781400318884,
        0.11518546314710403,
        0.003909057104207809
    ],
    [
        0.005274515100809036,
        0.015791239274388694,
        0.5159194032684025,
        0.02249363973984058,
        0.03162724223319776,
        0.094649773750463,
        0.010368115425885626,
        0.021675650734480835,
        0.008069814495606007,
        0.01362091201614918,
        0.01431648441139167,
        0.01669438388143174,
        0.015904649191253988,
        0.09669558718759687,
        0.01770161009087881,
        0.014059614877165234,
        0.005417214905478332,
        0.031885291071966464,
        0.026412086081750528,
        0.021422772261863204
    ],
    [
        0.031017544027708534,
        0.16025466682230666,
        0.04606659214628975,
        0.020153617569396064,
        0.027737877597833378,
        0.06140389681563459,
        0.10530543704496698,
        0.0801725514853471,
        0.05125992663968788,
        0.06259626772309694,
        0.02031928179649784,
        0.042354446243219386,
        0.02341649618561287,
        0.08081370680360571,
        0.029299526395812726,
        0.03799316002289685,
        0.016503015911624952,
        0.03602938203049017,
        0.04519465534015366,
        0.022107951397817956
    ],
    [
        0.0019529193766023337,
        0.0031365743929234803,
        0.01638505176045022,
        0.02389240274042786,
        0.019367088431921996,
        0.008681794943708031,
        0.006257160371279078,
        0.011869505803028013,
        0.007427703813107728,
        0.004845452199293325,
        0.14046531914954777,
        0.003988368587898468,
        0.006006490755173774,
        0.01521390469304103,
        0.005304395128494631,
        0.006524384066916078,
        0.0036810888116062604,
        0.023391242999476838,
        0.014621435433889574,
        0.6769877165412135
    ],
    [
        0.0035218244652498896,
        0.008753976110789142,
        0.1732656793431052,
        0.031076959660868726,
        0.022415516805074507,
        0.15094979417561938,
        0.00810436160902025,
        0.11587214785212482,
        0.00563968484752897,
        0.007191887280629561,
        0.017873067177373084,
        0.01986612504460253,
        0.026173194744515203,
        0.21481138450781787,
        0.022233473100059447,
        0.032825622827190155,
        0.004990983328649763,
        0.0566801030762721,
        0.05920053324036084,
        0.018553680803148554
    ],
    [
        0.00013550702470317355,
        0.0004535574751332536,
        0.005231016173706264,
        0.002016441511366561,
        0.9703992017744788,
        0.0010469725317521373,
        0.0006671243172731944,
        0.0007522303181750342,
        0.000207562482085705,
        0.00034064264323555314,
        0.0008189097699051439,
        0.0010945215913302324,
        0.000730839030727556,
        0.004354537786909467,
        0.0004290567438274513,
        0.0006944726200431899,
