[
    [
        0.0035665002401199923,
        0.015815671006156367,
        0.007892008568546096,
        0.005643883086587244,
        0.011187414162361839,
        0.007515471234475314,
        0.007171451927493871,
        0.8396608674569274,
        0.01260890054380953,
        0.0202092016273339,
        0.00640326733921066,
        0.008901444542926863,
        0.004999590874404307,
        0.010949482910881414,
        0.011259943221535635,
        0.005206926834804937,
        0.004296524189346812,
        0.016711450233078372
    ],
    [
        0.0135325481809298,
        0.043480796087331554,
        0.014169831946288465,
        0.02709758759096801,
        0.09739392258351931,
        0.015037125118427053,
        0.019558112870341413,
        0.0684435758866063,
        0.40453992026118674,
        0.032388270546457265,
        0.034946842112624756,
        0.06650147901557521,
        0.019427556421969406,
        0.0443941011310741,
        0.0289386692332247,
        0.015899049171202332,
        0.0255055183122365,
        0.028745093530036937
    ],
    [
        0.00851689128576779,
        0.012544748599373145,
        0.026149525097063538,
        0.014637521019044145,
        0.0345161927030883,
        0.03118097067045846,
        0.04262738367093777,
        0.035894047788563026,
        0.01597744640186278,
        0.5780861411549212,
        0.0074858406959223325,
        0.07029802371189818,
        0.013002055910030012,
        0.010004507002502914,
        0.01631367623097403,
        0.013367317589048452,
        0.047443789012337347,
        0.021953921456206567
    ],
    [
        0.0198487609272744,
        0.03608511835659854,
        0.06037157807553882,
        0.028394174417964095,
        0.0454078988140016,
        0.03192725668680536,
        0.05459724665529677,
        0.20953574779637318,
        0.029773066305351432,
        0.12988239127606108,
        0.021418859506733813,
        0.05368331730649023,
        0.022830168978073086,
        0.06809192850864328,
        0.0406325233485424,
        0.02149398946761838,
        0.060124892042284925,
        0.06590108153034865
    ],
    [
        0.00862541908235033,
        0.1453791191900837,
        0.03670240576972193,
        0.11347162262137461,
        0.01459237404219158,
        0.01724643758536147,
        0.03764932288326017,
        0.024533673131998,
        0.012185699412270098,
        0.008656614646818129,
        0.24276167452848227,
        0.00639525863680907,
        0.05876424961634969,
        0.025829705136723273,
        0.15622303329106882,
        0.04845807067531323,
        0.008062480391201516,
        0.03446283935862218
    ],
    [
        0.006408171575119465,
        0.011207115116094667,
        0.012544539547284753,
        0.010918774292785594,
        0.029402325985266223,
        0.045407753636916834,
        0.024728273176930333,
        0.028158678576289686,
        0.01616478038518722,
        0.6741490560490069,
        0.005903727925430504,
        0.05800638231964229,
        0.009196348682783375,
        0.005306612569562838,
        0.012640993615583592,
        0.014096627686657946,
        0.020259751188704787,
        0.015500087670752956
    ],
    [
        0.0064112395089976045,
        0.04733795500951119,
        0.024107060373378474,
        0.06766282815137681,
        0.0035952777496871457,
        0.014000822135319372,
        0.07394542436274668,
        0.004351053822613058,
        0.003405265874097858,
        0.006293439985059348,
        0.022461535456403142,
        0.00676093167942684,
        0.01899620341163599,
        0.007738920331639057,
        0.060591667703605176,
        0.5879923492686497,
        0.007957270356252022,
        0.03639075481960046
    ],
    [
        0.020103556722267844,
        0.027556369936519984,
        0.030124966651096537,
        0.06219862164296374,
        0.006334399596515139,
        0.017830815074947645,
        0.05079950380375886,
        0.00906343504098601,
        0.014817786710364314,
        0.009082475364357887,
        0.04381705285796629,
        0.016967361433344565,
        0.5056042080230898,
        0.01753731365971878,
        0.053433608604422894,
        0.08458359667716019,
        0.010751225779017711,
        0.01939370242150183
    ],
    [
        0.007381386146866295,
        0.07516341026381546,
        0.02306861076695268,
        0.030634664848986762,
        0.08065775199856583,
        0.04539499202740259,
        0.03479326383366863,
        0.3075966513158817,
        0.045981102070699206,
        0.10458863796367605,
        0.02775571215966561,
        0.02413625436566535,
        0.020200477311205195,
        0.028058712377331266,
        0.04564205232655423,
        0.032865653130682425,
        0.013145656181602187,
        0.052935010910778624
    ],
    [
        0.008126487126616977,
        0.17852601676010194,
        0.017013725301758965,
        0.040635455063662576,
        0.04317456484399231,
        0.02532409858640343,
        0.02611088534511357,
        0.24559133139734157,
        0.05495208935115884,
        0.03037816108656537,
        0.05595072070089505,
        0.018568183029990172,
        0.019240431410402974,
        0.07535929287213874,
        0.06444673135880638,
        0.03498484565831197,
        0.008012171323674284,
        0.053604808783064985
    ],
    [
        0.005534123255632899,
        0.01630524126893974,
        0.011951514276520822,
        0.018314577843274022,
        0.07272774789979496,
        0.05337738650086581,
        0.035895113432662204,
        0.031439294515919654,
        0.01430490295765835,
        0.6142417401757515,
        0.008275933117481812,
        0.02412170358826345,
        0.008093293508882932,
        0.009554851610870779,
        0.016502722449280662,
        0.019275773411378306,
        0.021266049805534457,
        0.018818030381287605
    ],
    [
        0.0047675611631404465,
        0.1449040419319427,
        0.030109920190290813,
        0.10803382313355782,
        0.016380923416009427,
        0.006298645639561695,
        0.038140587978083625,
        0.02431360625445278,
        0.018258649443912835,
        0.007238003925829441,
        0.24361741342165938,
        0.006540892714592235,
        0.07067831787917617,
        0.08775313955515363,
        0.12849565779665115,
        0.01923658577578514,
        0.008622336540220306,
        0.036609893239980415
    ],
    [
        0.00036122927045232825,
        0.001531028923771817,
        0.0035482922058022075,
        0.0027128876359371105,
        0.0002566048930923483,
        0.00030596410891418793,
        0.0038319840141651856,
        0.00034896340432460747,
        0.000513092709850415,
        0.00034126029679133686,
        0.0018167655016780688,
        0.0006229518778455111,
        0.9766356928372685,
        0.0008625541499725452,
        0.0028788909634640735,
        0.0016045171294014617,
        0.0004644976010853111,
        0.0013628224761830432
    ],
    [
        0.02166272765671868,
        0.08212425515389775,
        0.037899702873495485,
        0.07731870987619827,
        0.010296545241680055,
        0.08325575167778497,
        0.0571752770639834,
        0.02790061977234156,
        0.008486365287111905,
        0.016361505901223823,
        0.05814623396559067,
        0.00936578158636309,
        0.02726860074973613,
        0.04054276479094329,
        0.10228108323287477,
        0.27758505507080744,
        0.011428325846053248,
        0.0509006942531955
    ],
    [
        0.005452042743413823,
        0.08082684775998043,
        0.19971005245610274,
        0.03639565085961508,
        0.0020094287445782313,
        0.006409064347535328,
        0.09001195277348205,
        0.010667308720571837,
        0.002214168316463552,
        0.004478084962764134,
        0.022694698617810143,
        0.003747182234046847,
        0.023176708151440486,
        0.03222777708834255,
        0.2344358128035645,
        0.05673538457034618,
        0.005237332208142376,
        0.18357050264179964
    ],
    [
        0.0010076543596119953,
        0.7832600895624583,
        0.006200190977440348,
        0.018351000343613963,
        0.000902085112357457,
        0.0012335483547420483,
        0.008631141855876528,
        0.0023487938959356586,
        0.0012313100025914787,
        0.0009742065876719385,
        0.02401479688659791,
        0.0012510797248393003,
        0.004942491274238265,
        0.005202842799891103,
        0.09212352042567154,
        0.013584927665245449,
        0.0012441633859902267,
        0.03349615678522613
    ],
    [
        0.0011637771182637982,
        0.7961309583433891,
        0.0060439969534179586,
        0.021099575293833002,
        0.0028571768254947267,
        0.0017690614021269875,
        0.010311471306920936,
        0.005181105890049736,
        0.0036529429266137677,
        0.002138416070171158,
        0.03314553161360146,
        0.002056738080839163,
        0.007511214893939089,
        0.019673498101627784,
        0.038175029075971235,
        0.012752665860772191,
        0.0015847670944412792,
        0.034752073148526776
    ],
    [
        0.005750562851399576,
        0.016090822636002883,
        0.028167866070554992,
        0.04236782172669894,
        0.003330683459760595,
        0.005952800020419654,
        0.025139035390963592,
        0.004682823172030175,
        0.0049712189152755805,
        0.003241785171624816,
        0.040152641485556646,
        0.0041137249639286375,
        0.7340628044389489,
        0.007404268653015529,
        0.04047444285391113,
        0.02011044283033912,
        0.004699498749583652,
        0.009286756609985665
    ],
    [
        0.0025505150186341695,
        0.1886583545727925,
        0.008041737237470547,
        0.08849132114890881,
        0.00198021668798881,
        0.0033440152092146305,
        0.01204221605742988,
        0.003583270120534388,
        0.0023583057035313102,
        0.001455076387273455,
        0.46763565954378555,
        0.0014718337956145058,
        0.016139049396604353,
        0.011102126162426097,
        0.13448803489165725,
        0.04140230209811852,
        0.0017896471795606234,
        0.013466318788454468
    ],
    [
        0.0039499411347671655,
        0.04605850350892461,
        0.009163153458511679,
        0.07150609336828675,
        0.0033741170830044235,
        0.004323511929817441,
        0.009913310156099172,
        0.005133066684789322,
        0.003761497158454707,
        0.0017631248293316617,
        0.7120390394545675,
        0.0019996704406478067,
        0.01738006238851502,
        0.012254271650386025,
        0.06977822684277346,
        0.015541811910904974,
        0.003185447662070851,
        0.008875150338147562
    ],
    [
        0.003857390091201181,
        0.3208042353795656,
        0.016916751593793355,
        0.02852130318318444,
        0.009436827215055326,
        0.00575044416785283,
        0.0331319247611538,
        0.02916579944843029,
        0.01325695833959319,
        0.012907913676444843,
        0.026286185886926498,
        0.011513092024527036,
        0.012889190079684414,
        0.15595898354927984,
        0.05435593097277417,
        0.027520849939943186,
        0.006574039230117341,
        0.23115218046047267
    ],
    [
        0.030646983608469534,
        0.03442507321233901,
        0.049360911182889204,
        0.10350443081434214,
        0.00544897265425408,
        0.028435053631162305,
        0.05915192805875086,
        0.008702002742074524,
        0.008327570471146295,
        0.007433089015170959,
        0.0729348344690506,
        0.01097906325482572,
        0.2458129919823332,
        0.01860520464053944,
        0.08625152427400117,
        0.1971350890805025,
        0.01068296795555206,
        0.02216230895259653
    ],
    [
        0.10780529450690883,
        0.05929432367777831,
        0.03970324730749153,
        0.12503913773035655,
        0.006678511311388204,
        0.0374834994730524,
        0.0478291146110721,
        0.012968137775004211,
        0.007892934291811848,
        0.007768031087980113,
        0.11938289678075055,
        0.009192159081513078,
        0.05684291105575592,
        0.02118610173422375,
        0.14545759358135765,
        0.15630815056336125,
        0.011666035744054984,
        0.02750191968613875
    ],
    [
        0.008768932202451942,
        0.008349902635387657,
        0.020763324109327262,
        0.014616403518372477,
        0.009907373986607204,
        0.00862654546158714,
        0.03195195146488515,
        0.006331195540654397,
        0.005957391960064023,
        0.01832933658104703,
        0.007045398936006061,
        0.022561462067437203,
        0.008884430656002813,
        0.009421864729200606,
        0.011771668041889217,
        0.010324524136608972,
        0.7808407601206117,
        0.015547533851859297
    ],
    [
        0.0867896107524493,
        0.057028514265128956,
        0.041329320342266336,
        0.06671517839704567,
        0.014102150303993451,
        0.037226479548392845,
        0.06315888432586415,
        0.019708172161554117,
        0.03669449337203176,
        0.022865382089559894,
        0.055208367321234346,
        0.07442687687671307,
        0.10022068432473265,
        0.02795538456762793,
        0.07254707441396531,
        0.13200213004796824,
        0.04061891553738333,
        0.051402381352088654
    ],
    [
        0.004048849265478212,
        0.047223484567205716,
        0.009824971764807101,
        0.11711860661593101,
        0.006724066495937324,
        0.0045833062694479385,
        0.015049794027696052,
        0.006546486803419733,
        0.007427504121262351,
        0.002696120400694472,
        0.6237919493857186,
        0.0029006296749962824,
        0.028650018413684267,
        0.03339408615369373,
        0.05811288668843824,
        0.016417807440866412,
        0.004836216089476227,
        0.01065321582124627
    ],
    [
        0.0007975009774789376,
        0.0018705046672379197,
        0.0015701155046777204,
        0.0016422436324389556,
        0.012146768845489993,
        0.0032113649267233395,
        0.0035212243517989644,
        0.006016950188709502,
        0.006689869290375828,
        0.9358183033457427,
        0.000957274475279762,
        0.014171060464142203,
        0.0015192086942262101,
        0.0016836153057603095,
        0.001661145945523582,
        0.0017528931365831048,
        0.002403964816312992,
        0.0025659914314980123
    ],
    [
        0.014078202827216115,
        0.03156969989477279,
        0.4802271639833565,
        0.053662412954581094,
        0.0040000331996038075,
        0.009844989080943087,
        0.0721113444948965,
        0.008555478073171316,
        0.003993248793514762,
        0.005777937693225358,
        0.03796718522702153,
        0.007152077943043035,
        0.0663753186839103,
        0.014518953376537145,
        0.09839910576635852,
        0.03316120900977057,
        0.01858213197376748,
        0.04002350702431002
    ],
    [
        0.0016569219159615481,
        0.009357189582253778,
        0.045339211412483475,
        0.02765385127514998,
        0.002069669594309387,
        0.00277314440303835,
        0.7858585737265926,
        0.002022231225260355,
        0.0017810779711490783,
        0.0046585267089137745,
        0.0059931461347376355,
        0.004001482999100857,
        0.03779010648639327,
        0.006018693376110881,
        0.01877349114464875,
        0.019699064629377695,
        0.007412505698889853,
        0.017141111715628706
    ],
    [
        0.004034124034606033,
        0.6116536767759935,
        0.014459899522045032,
        0.02636929695580092,
        0.0029674379023401296,
        0.0037606399088926557,
        0.01610489791726424,
        0.00906164670778372,
        0.0037750375358960486,
        0.0032365229724783283,
        0.04068057108757393,
        0.003937652605313913,
        0.00813331488064356,
        0.02282132730984744,
        0.08589646276855978,
        0.026062543057196956,
        0.0040998990063389,
        0.11294504905142509
    ],
    [
        0.04974824402402755,
        0.03980160166100112,
        0.039217335297867285,
        0.08345339290720064,
        0.00480179555562558,
        0.0800260861943725,
        0.041293275138345145,
        0.011303084647381537,
        0.005423526632190871,
        0.007043580880874456,
        0.06834973428661732,
        0.007395360477955159,
        0.04151264905589107,
        0.014522165285967746,
        0.11016822258926544,
        0.36158296296709463,
        0.010753933313905631,
        0.023603049084416343
    ],
    [
        0.004193855540729244,
        0.07758360625842262,
        0.0331407247418643,
        0.17265648882766652,
        0.002631418885684641,
        0.0067054825522433,
        0.037080324196322414,
        0.0061858320625626136,
        0.002364797527598506,
        0.002502252898822691,
        0.20066760225008579,
        0.001919980881373479,
        0.037974397262348955,
        0.022138339321617694,
        0.30828754472861425,
        0.05986098296431917,
        0.0034055773640340264,
        0.020700791735689787
    ],
    [
        0.0037009811115091525,
        0.044737006976745236,
        0.01740623973434797,
        0.47068959905760804,
        0.006261699538793775,
        0.0103119394654168,
        0.06318917857854586,
        0.00614893695621611,
        0.00414431200347415,
        0.004504889781435193,
        0.10942314660753683,
        0.0027330954457893664,
        0.0440269188502668,
        0.01985337469405667,
        0.10431544471811467,
        0.06898799057328404,
        0.005319158450304665,
        0.01424608745655454
    ],
    [
        0.012946061784499398,
        0.03315683409347836,
        0.032198782890825034,
        0.036129301068104545,
        0.11542667561307154,
        0.04544875838662052,
        0.05077247916128983,
        0.1918755225025048,
        0.04370779105929845,
        0.14838282101288305,
        0.025294588506861906,
        0.03329023060354132,
        0.024023741536297834,
        0.061272252256800566,
        0.03817910511713565,
        0.0232952059750781,
        0.04734563600918696,
        0.03725421242252211
    ],
    [
        0.00035286164286954557,
        0.022005838019689854,
        0.011382437941188326,
        0.002758811028894305,
        0.00035205716412889675,
        0.0004143798339765648,
        0.007663838657083988,
        0.0014645638647757498,
        0.00035409356523089305,
        0.0007071757213801273,
        0.0018836816470729923,
        0.0006490624106985297,
        0.0013592791816163538,
        0.0034992914306634713,
        0.01232386000937239,
        0.0023465661642434912,
        0.000884724635846111,
        0.9295974770812684
    ],
    [
        0.006912635395754663,
        0.07168845572625837,
        0.018930231508283005,
        0.027026386081714364,
        0.008950178642109844,
        0.00800506885366801,
        0.020426250995168482,
        0.0443664012780416,
        0.009111949714706016,
        0.00874397560421858,
        0.03540647788655623,
        0.0074344638629406145,
        0.010126057476093454,
        0.5940961610404907,
        0.04626348281638423,
        0.017355010676751974,
        0.009522668483689049,
        0.05563414395717089
    ],
    [
        0.006677985568009583,
        0.03342666034764662,
        0.18173998357548685,
        0.04886740104558619,
        0.008965516688217517,
        0.00835106083863803,
        0.2931441908793678,
        0.012276966567187249,
        0.006479027718025686,
        0.01907046506255124,
        0.019010645576124762,
        0.014644937169298529,
        0.03296401543459889,
        0.08538495800011404,
        0.04838944133573911,
        0.029388442959757656,
        0.045300191188740895,
        0.1059181100449093
    ],
    [
        0.0001912442447080494,
        0.9452150569316977,
        0.0013285892824781431,
        0.0038967144426294096,
        0.0002329995257532878,
        0.00036024253213101,
        0.0022402281473783087,
        0.000905565939389259,
        0.0002584912438959809,
        0.0002797808350101082,
        0.004346972569671679,
        0.00021991268726243712,
        0.0009617838193818677,
        0.0018909279059673805,
        0.024315336107945472,
        0.003887987635101066,
        0.0002169978610809344,
        0.009251168288518075
    ],
    [
        0.0013514580208153334,
        0.02846819408647683,
        0.0031266437315205357,
        0.050931184456176844,
        0.0005816845726926803,
        0.0011691136885161651,
        0.004199744856178238,
        0.0010712711692926517,
        0.0007492984964652756,
        0.0004313096065212174,
        0.820316699406078,
        0.0005464649082451007,
        0.005620170423039468,
        0.005239572748263755,
        0.05848222787855885,
        0.012875398707488963,
        0.0008921204247803743,
        0.0039474428188897084
    ],
    [
        0.005136859128479426,
        0.05069353908412064,
        0.044659342127935056,
        0.016172124439587637,
        0.0032030262059117645,
        0.004073397920684975,
        0.05032456266142736,
        0.007324539843651599,
        0.004005859658343031,
        0.008445094898086673,
        0.010207107101930834,
        0.012936096687181516,
        0.011076825827358963,
        0.030119277153939743,
        0.030558231884823303,
        0.02763056400807028,
        0.011969493154620455,
        0.6714640582138468
    ],
    [
        0.008257801507010795,
        0.0033874700510395095,
        0.0030029250944546212,
        0.007206163236467111,
        0.003243290109226524,
        0.9227813199338188,
        0.005079121853137725,
        0.004679881397646153,
        0.002225249473260257,
        0.004731611151219517,
        0.004525564597042099,
        0.00275631640369337,
        0.0031742770709664364,
        0.0020361149738410116,
        0.006155034725288512,
        0.010667207080554367,
        0.003690204851930349,
        0.002400446489402784
    ],
    [
        0.005368830685622943,
        0.029922977739897598,
        0.013379060135771925,
        0.040195859197853366,
        0.0018038490052423104,
        0.007085203684592545,
        0.04041529953332982,
        0.002927832119811295,
        0.0022269029792036346,
        0.0033043175629354285,
        0.0165401499322287,
        0.0038809591665949876,
        0.014567091057382357,
        0.012332506580873188,
        0.03756895366470044,
        0.7395954881336236,
        0.004093125251431012,
        0.02479159356890481
    ],
    [
        0.006541801481110292,
        0.06954004198327705,
        0.09111412537805645,
        0.0467673064419991,
        0.007182385926007736,
        0.007934790712873507,
        0.2693941246612,
        0.008363570650501582,
        0.008928075715027343,
        0.018117198168889743,
        0.01969095164147957,
        0.02350767201808964,
        0.08108720483552367,
        0.015947737892176087,
        0.06045046151627723,
        0.07609253174293502,
        0.015625917031853946,
        0.17371410220272207
    ],
    [
        0.005693911418963721,
        0.015850895320401754,
        0.015913395233238127,
        0.020863531060378516,
        0.12669478302099013,
        0.034189505871107397,
        0.043868756782137364,
        0.02590775158810462,
        0.01995541882064531,
        0.5348910246696081,
        0.009412893321858542,
        0.03535606192624661,
        0.01143973663213075,
        0.010675876507248598,
        0.016821193236825852,
        0.017050547563893306,
        0.035807798849481196,
        0.019606918176740012
    ],
    [
        0.007879797527499349,
        0.07460783756187045,
        0.01566713997860959,
        0.14189934837486096,
        0.017234660221385048,
        0.019364080003493864,
        0.022092460799755454,
        0.027068856088391872,
        0.01182630706308464,
        0.006399508240301269,
        0.4233234734966887,
        0.0049792003269595,
        0.022049403048086058,
        0.025680196274077638,
        0.1273563113698356,
        0.026475890395043937,
        0.00958933266952667,
        0.016506196560529377
    ],
    [
        0.00043439817413552047,
        0.00223589315420913,
        0.0009139692365222705,
        0.0020800579549581214,
        0.9548971614938189,
        0.0015442026538232526,
        0.0019827730578776174,
        0.004588985996325801,
        0.009782354584936655,
        0.008955763092475751,
        0.0015327776421411037,
        0.0021674737001149197,
        0.001145876676726017,
        0.0018761754264056167,
        0.0016217799274137108,
        0.0011228581514584435,
        0.0015469079084203692,
        0.0015705911682369676
    ],
    [
        0.024211552627280905,
        0.047271102240103294,
        0.027732377260206612,
        0.09316910560310243,
        0.015805272354659654,
        0.1536980801143912,
        0.06649206120999397,
        0.015495814282853623,
        0.010410775134546362,
        0.022855365119719,
        0.041902026290563714,
        0.015997161300482406,
        0.022699865582150862,
        0.018311219558172005,
        0.06394984799593849,
        0.29948040209771104,
        0.026582223855236443,
        0.03393574737288798
    ],
    [
        0.0006414613405931629,
        0.004044921081024417,
        0.005027749835975902,
        0.010951829463375485,
        0.0005340208842060299,
        0.000806422945734634,
        0.007227719926632387,
        0.0008714611878301886,
        0.0008610793212711032,
        0.0005748601937583795,
        0.007812877591037182,
        0.0006620785359040072,
        0.93983298532481,
        0.002073521010281625,
        0.011048295204792093,
        0.004227364994755526,
        0.0006672052173921392,
        0.0021341459406260008
    ],
    [
        5.1661714850669184e-05,
        0.00017938977112999508,
        0.0001337303642859131,
        0.00013487171211499282,
        0.0012151228611572012,
        0.00020761980764412078,
        0.0003148768379881774,
        0.0005680872365412585,
        0.0004780199276404287,
        0.9943647159248268,
        7.598047257908704e-05,
        0.0012491575331484638,
        0.00010386046413650806,
        0.00012864479628864952,
        0.00014633656883375904,
        0.0001320041911001428,
        0.00024306883131948809,
        0.00027285098441421404
    ],
    [
        0.004453358452826352,
        0.20253395776848673,
        0.011002312915879376,
        0.14010204756617725,
        0.01597319204313709,
        0.006539818805962512,
        0.025537134507694757,
        0.013244583235264827,
        0.024654896852171947,
        0.00613266354496987,
        0.2887969093544371,
        0.007384558868025234,
        0.0284679891100166,
        0.07857720508508621,
        0.08328192929636564,
        0.03020016859986522,
        0.006624027220016581,
        0.026493246773616766
    ],
    [
        0.0820388280583111,
        0.05655161889175663,
        0.11981660138377032,
        0.04822218817169876,
        0.012352690044638485,
        0.10292315446310468,
        0.0520695740180559,
        0.09026514002074582,
        0.012298752780242485,
        0.023821179415765746,
        0.04936393425561172,
        0.020027100340413686,
        0.03844495393267758,
        0.025304684576825314,
        0.12262964507967188,
        0.05814013880563438,
        0.0276724095981068,
        0.05805740616296879
    ],
    [
        0.007780105711591383,
        0.029640404528143864,
        0.009098709005878801,
        0.01660585424247724,
        0.046952721166345544,
        0.019035571833451198,
        0.012114743066700748,
        0.6332697348603239,
        0.051879856506576165,
        0.02491905655832466,
        0.02202424301453508,
        0.013198866497678019,
        0.009833793645000002,
        0.043901768296877815,
        0.022867682300841137,
        0.011086613717925197,
        0.008576048477988249,
        0.017214226569340817
    ],
    [
        0.0010086077955166228,
        0.005323954177474542,
        0.899918411760339,
        0.004215785868490777,
        0.0003971123303655354,
        0.0007854271775157727,
        0.02319875129972291,
        0.001128084464694239,
        0.00041568612098926246,
        0.0009730787718302647,
        0.002223624100046632,
        0.001200821641373199,
        0.004456671309019151,
        0.0035455329211797133,
        0.010622318702281726,
        0.004327232191689477,
        0.002277200575115973,
        0.033981698792355096
    ],
    [
        0.009298435239548179,
        0.027088038598345437,
        0.011824005789883558,
        0.017406944259339554,
        0.11622826673211877,
        0.03428474188146563,
        0.024446382447595737,
        0.04899587489625803,
        0.11490049185962059,
        0.35913826307528895,
        0.012575488515105556,
        0.10827662842612483,
        0.014122120304931207,
        0.014740463228477732,
        0.01798024347304117,
        0.023700195119954706,
        0.017704090303555364,
        0.027289325849344986
    ],
    [
        0.004242579749166702,
        0.05676342493430394,
        0.18294199397975303,
        0.05680001719337048,
        0.0011198411662395984,
        0.0028616405632043386,
        0.08297382799533175,
        0.0034841134059830766,
        0.001193194196051385,
        0.001831610656760478,
        0.02722412975402367,
        0.0021407627924998067,
        0.015206727888171205,
        0.023269260336959648,
        0.399361410986714,
        0.036904356459622936,
        0.005450514992782204,
        0.09623059294906165
    ],
    [
        0.009884592089962793,
        0.058394184651841444,
        0.0257809804673308,
        0.09033572865177472,
        0.19379697707562527,
        0.02778046566483498,
        0.05341363230773659,
        0.06276508340333777,
        0.08327767660330325,
        0.0445588478143306,
        0.06729551344645116,
        0.027127705913769517,
        0.04206844097110578,
        0.07421795040090828,
        0.058278916420346785,
        0.029006554876414993,
        0.02165536887487259,
        0.030361380366052782
    ],
    [
        8.098114833942243e-05,
        0.0002445646995548093,
        0.00017951487228004505,
        0.00018137330449616426,
        0.0011425318636724652,
        0.0003624004776175009,
        0.00041272198140714783,
        0.0008484547741135598,
        0.000671886843294767,
        0.9925187767755721,
        0.00010514128055481172,
        0.001865502037119667,
        0.00015069852504933046,
        0.00018100940686963175,
        0.00020241013874389412,
        0.00020900254936964915,
        0.00027847980641678924,
        0.0003645495155286748
    ],
    [
        0.031297832884029965,
        0.05366401035447184,
        0.030138480628780114,
        0.03671365071534244,
        0.025214047385538823,
        0.1541170084789077,
        0.02640315926423327,
        0.329367584151781,
        0.021684641149230643,
        0.029230927568840187,
        0.047972307672555926,
        0.015801240178179018,
        0.023004736041858972,
        0.02327341117571895,
        0.07048429783724454,
        0.037001964546992006,
        0.013800902205710123,
        0.03082979776058447
    ],
    [
        0.007928899900266904,
        0.0935713994473771,
        0.07618952948078679,
        0.05593177169668736,
        0.0023559905931723048,
        0.01012628228805907,
        0.07913526841430582,
        0.008408894104281235,
        0.0025191380814276352,
        0.004575686131602843,
        0.031222537259899284,
        0.004192242807796626,
        0.02248395522421338,
        0.011184801788425684,
        0.36289643445384967,
        0.12706510408757454,
        0.007630026436695704,
        0.09258203780357799
    ],
    [
        0.0022271519444050257,
        0.0059146901963565025,
        0.004844092120652498,
        0.0036056334716945953,
        0.016823402959611874,
        0.006996446314524888,
        0.0082192524540634,
        0.020782415305327116,
        0.011079617633671334,
        0.8491881351199647,
        0.0023600732913600865,
        0.03473278682337157,
        0.003201959808265843,
        0.0043796895531938015,
        0.004500190805677784,
        0.004531948422020794,
        0.006120460805677651,
        0.010492052970160773
    ],
    [
        0.011463571308517335,
        0.03174934892263326,
        0.03015350716430524,
        0.03815295686559526,
        0.12338061454203607,
        0.043587741070710916,
        0.05690469869317107,
        0.15961224349938039,
        0.04500849733584013,
        0.18938392606145188,
        0.023278499103517074,
        0.037611777270188405,
        0.02483416966622787,
        0.059419883859638985,
        0.03732159008778199,
        0.022821375857783814,
        0.031979629212807725,
        0.033335969478412664
    ],
    [
        0.0008926358342096031,
        0.10113831528161524,
        0.014080820269562923,
        0.006573660197449052,
        0.0008110601689969969,
        0.0009048651515183355,
        0.01206686799609934,
        0.002650029827217304,
        0.0011017312106422529,
        0.001435812773337472,
        0.005677489996697461,
        0.0018488652415023352,
        0.0042748300986076414,
        0.009346188728943054,
        0.02371300886776809,
        0.007612273503010928,
        0.0014413959355782289,
        0.8044301489172437
    ],
    [
        0.030165283940264947,
        0.026547837715438307,
        0.03380409207382649,
        0.044459920992053814,
        0.024591315392329817,
        0.027117274683062915,
        0.06762708188919032,
        0.02322730710674792,
        0.019074139517827715,
        0.04211486223113246,
        0.023211224512467526,
        0.05130471387243595,
        0.0195613342334221,
        0.06956751775794534,
        0.0351742604204246,
        0.033648303014439294,
        0.38664185113746635,
        0.04216167950952408
    ],
    [
        0.005912443406862528,
        0.05666968054868481,
        0.3548607675881521,
        0.03243307962978052,
        0.00176407788867611,
        0.0062236950998838915,
        0.0905512969810737,
        0.005348356460219709,
        0.0018357484545269483,
        0.0039543111602978525,
        0.017318069955018195,
        0.004346081739810816,
        0.01946084560716063,
        0.01070898166409812,
        0.12876549049906827,
        0.08208466575119107,
        0.006604249367908358,
        0.1711581581975864
    ],
    [
        0.0019979152762752534,
        0.016557793957019125,
        0.2764585263421499,
        0.020647631730304136,
        0.001871621871076357,
        0.0028651986423818892,
        0.5078528593169637,
        0.0033855240517991943,
        0.001407329835966757,
        0.004828359851897596,
        0.0063486780030693035,
        0.003398434463219596,
        0.014277466302768875,
        0.0067340739954888365,
        0.035911180036778415,
        0.015327154953827218,
        0.010820205767203616,
        0.06931004560181021
    ],
    [
        0.0013628220950662176,
        0.00545890576303319,
        0.0020379680989781016,
        0.004020152640451172,
        0.03626555366471739,
        0.0026344376724148706,
        0.0033539365791727957,
        0.011211638876584893,
        0.8906331070438444,
        0.008484365895154434,
        0.004507944503349437,
        0.0080364717500934,
        0.005549748789596492,
        0.004672754822919249,
        0.003850793030432528,
        0.002567853794609077,
        0.002069802383882902,
        0.003281742595699428
    ],
    [
        0.0008678531945040414,
        0.0015773316491168466,
        0.001692400609824961,
        0.0010411116255652536,
        0.0015357072195315152,
        0.0010300346193555304,
        0.0024839483913886946,
        0.0017234359557831162,
        0.00334142118108161,
        0.009927515621351204,
        0.0006879521706609958,
        0.9628365377273969,
        0.0013010886089500889,
        0.0010764812712992498,
        0.0012934171739249682,
        0.0013732469183358163,
        0.002735996922501215,
        0.0034745191394277876
    ],
    [
        0.013800024420104936,
        0.03541394175966583,
        0.022310450953150675,
        0.029565436194340336,
        0.10464203557650602,
        0.014932864363285083,
        0.03160477721297602,
        0.04647675729149554,
        0.20333143063035028,
        0.05646689487065726,
        0.025896799379364822,
        0.2024179524687624,
        0.02365112142349629,
        0.03299479244954373,
        0.0296721674922403,
        0.016097894355173295,
        0.07413590992368552,
        0.03658874923520166
    ],
    [
        0.0038257821372018955,
        0.004223167688210368,
        0.0043755191874117185,
        0.00438551961969483,
        0.008506419203879787,
        0.004964359630966765,
        0.008162862844296882,
        0.004766385384014916,
        0.012915957081912387,
        0.031164514167123875,
        0.0026083734829735806,
        0.8646227006995588,
        0.0038939576949298302,
        0.0035342302365081926,
        0.004149204962842934,
        0.0046547302651386065,
        0.02251726667759579,
        0.006729049035738711
    ],
    [
        0.0014040147156797495,
        0.006221822227528033,
        0.001921074234721512,
        0.004272795501493449,
        0.07786801548269696,
        0.004200826514561933,
        0.00398253194456095,
        0.014906990535549489,
        0.8250776313098599,
        0.021670085116110113,
        0.003872519171203492,
        0.012367793582264017,
        0.0040975130914467275,
        0.004484533690543623,
        0.004009565687704387,
        0.0034244355354230626,
        0.002326047456401499,
        0.0038918042022510805
    ],
    [
        0.004018192222854779,
        0.013687605973062596,
        0.005088597085589372,
        0.009534029966279797,
        0.03960674000243339,
        0.0048477104559624664,
        0.007843011076256972,
        0.014178947390316473,
        0.7838614489503417,
        0.013967282274690247,
        0.010768530112584176,
        0.03901166683862114,
        0.010996446505016825,
        0.010784665695782274,
        0.009028660262574005,
        0.006206205340157984,
        0.007254165824099619,
        0.009316094023376036
    ],
    [
        0.006563222198723262,
        0.01594878768307341,
        0.01700827119761263,
        0.010233747365713983,
        0.026879533444582444,
        0.013618361832372517,
        0.025977470388944206,
        0.0317177495306817,
        0.04781672239069872,
        0.40460112817947996,
        0.006901369681208786,
        0.2951668988987662,
        0.01705949187176389,
        0.01001816302115141,
        0.013077949097144981,
        0.013333451022377837,
        0.015212497252041322,
        0.028865184943662688
    ],
    [
        0.0230323584316309,
        0.06707369165256014,
        0.034276254591203856,
        0.051477386045671696,
        0.005037173879645895,
        0.06454570206498343,
        0.0567218248531989,
        0.02022613962240599,
        0.006269972398277507,
        0.012249080256579375,
        0.03283175728216651,
        0.010414505358002746,
        0.026546562071574697,
        0.01487336031755927,
        0.13169355118191511,
        0.3802132533567624,
        0.010499456103690158,
        0.05201797053217134
    ],
    [
        0.012461030903914577,
