[
    [
        0.007096206087664677,
        0.010782965828085148,
        0.01795650360696781,
        0.0072041596838672605,
        0.006767483805670978,
        0.8280665756502417,
        0.009175074654341715,
        0.008799024962201231,
        0.007429883289836465,
        0.008023160776564805,
        0.004174039175473367,
        0.011079052259107717,
        0.003956603966056438,
        0.004638515461091081,
        0.047539357269339284,
        0.007483543191881463,
        0.009827850331608679
    ],
    [
        0.12002784567349058,
        0.022288990045429967,
        0.008862591622887132,
        0.03380419612009048,
        0.01597383080886867,
        0.0038621830134746475,
        0.048757381084363643,
        0.009360351792900979,
        0.05849284879279749,
        0.03491828897754339,
        0.011497727396476752,
        0.055270852071516434,
        0.2026892365401004,
        0.29352263898130787,
        0.004665039394304724,
        0.06095369479406171,
        0.015052302890385139
    ],
    [
        0.046505287442175615,
        0.14989111360564272,
        0.025855512067098282,
        0.01704105550879343,
        0.060364767871474406,
        0.02375980860010406,
        0.03056700721549455,
        0.01605942496857181,
        0.11217537455454739,
        0.06979170914743021,
        0.0645551241813142,
        0.1709892141926325,
        0.02662092103047716,
        0.039350181467832285,
        0.021942328603825847,
        0.08801831579987682,
        0.03651285374270873
    ],
    [
        0.14325544795154277,
        0.010861152484023806,
        0.011831855086600014,
        0.05017621373276042,
        0.009586845041006656,
        0.003831653948099853,
        0.054336218597298175,
        0.04214342321564034,
        0.0207855732020798,
        0.04683044356675993,
        0.009273623736010962,
        0.03361745480506962,
        0.3286966618897985,
        0.2065542338858706,
        0.003028811244013284,
        0.02008389429141605,
        0.005106493322009231
    ],
    [
        0.02395255541911995,
        0.0326406584563459,
        0.004808713103219413,
        0.005893349228274356,
        0.008140570641378084,
        0.0012236415506729423,
        0.016358843004543183,
        0.006069223234727636,
        0.01603947565937988,
        0.7488111941018142,
        0.03795139811658598,
        0.052454625160943555,
        0.007611313858736371,
        0.017386700943992858,
        0.0012715291337669127,
        0.01671973730379263,
        0.0026664710827061333
    ],
    [
        0.07219185313259578,
        0.026060117092818608,
        0.005963261428384917,
        0.02828064173101461,
        0.004260134139414274,
        0.001944034245460533,
        0.26774350452587176,
        0.007100531237419132,
        0.024580653785539495,
        0.2821388644463456,
        0.01630055945994017,
        0.11026304947070747,
        0.023505886573279487,
        0.062179307368442335,
        0.002665618532896343,
        0.059486212898641845,
        0.0053357699312276095
    ],
    [
        0.7232019221120249,
        0.01804143003873162,
        0.004953577113456077,
        0.00468167669797189,
        0.004024884145253556,
        0.0027685919869605835,
        0.05551877708524269,
        0.01618037773240153,
        0.017993922343519504,
        0.031178205420958605,
        0.0033420156434455124,
        0.05460397153503408,
        0.025578641120257786,
        0.02179186384883808,
        0.0014407901692049183,
        0.011215782211667987,
        0.003483570795030426
    ],
    [
        0.0015522608051037265,
        0.01061939290795432,
        0.0015298376305064182,
        0.004838738350656545,
        0.0016400520394805253,
        0.00020525401588888627,
        0.0016550553481341577,
        0.00035660067357841656,
        0.020168691186807725,
        0.005807449758795453,
        0.008180484239096336,
        0.017452328663160627,
        0.001382606571396077,
        0.0047443042059305066,
        0.00031213872834238743,
        0.9161450707807641,
        0.0034097340944038443
    ],
    [
        0.01444282639641551,
        0.02281023981179305,
        0.001880839776359632,
        0.0019266416554839095,
        0.0020332224895321235,
        0.00039702747905432805,
        0.004729995799309662,
        0.00136358097708205,
        0.02829827091296089,
        0.044016972556128575,
        0.004231954633647161,
        0.8379824024730778,
        0.0038240268001819466,
        0.009511958586469808,
        0.00031991346066991705,
        0.020862262043569245,
        0.0013678641482643575
    ],
    [
        0.004774384862020039,
        0.07265296432598611,
        0.003959977689065821,
        0.004737025337679769,
        0.006854839998232527,
        0.0004813421099085221,
        0.002722648551623206,
        0.0009607931702710811,
        0.36240598828646414,
        0.011318420340780474,
        0.018010109890802713,
        0.042338033318374595,
        0.003984201503675274,
        0.011533176937436058,
        0.0005079284882860422,
        0.44139298089733303,
        0.011365184292060572
    ],
    [
        0.0009714669162790053,
        0.0010065060015970254,
        0.00259646851757355,
        0.0013129476723880186,
        0.0005245613285506877,
        0.9799739735885215,
        0.0012347673543903486,
        0.001596053469202006,
        0.0009240489791225498,
        0.0010899535497668482,
        0.0005278944352346743,
        0.0014904728868274388,
        0.0006303149521167934,
        0.0007007369208415815,
        0.003605740704578684,
        0.000976690528128547,
        0.0008374021948806616
    ],
    [
        0.04443431778004849,
        0.06799151132988866,
        0.026830207923858203,
        0.043346838219552944,
        0.02591963920899022,
        0.05421986929826075,
        0.045600184219519786,
        0.015340809557223951,
        0.09460100857121714,
        0.05332325416708101,
        0.05206798774932439,
        0.1057888626828349,
        0.041430453079862206,
        0.06097437970190371,
        0.08140579518125056,
        0.13230103594037476,
        0.05442384538880833
    ],
    [
        0.03726807671821676,
        0.07359187645428736,
        0.03423723829830385,
        0.036203243313988075,
        0.03041385163395348,
        0.08553672841993744,
        0.03547607605167307,
        0.01621015730714883,
        0.08422844946389216,
        0.05519475936923377,
        0.05416075504362478,
        0.10935397799678502,
        0.028181824015698527,
        0.04216220747206217,
        0.11088624757141766,
        0.10547050446562295,
        0.06142402640415415
    ],
    [
        0.024765489538059474,
        0.09315019772559005,
        0.008811215646960325,
        0.009691138280137254,
        0.03825574890096566,
        0.003126452330296436,
        0.009585064819518855,
        0.0044969350953262335,
        0.3830669923853157,
        0.031254692773099564,
        0.062344507381846104,
        0.0838807398304665,
        0.026982283308667178,
        0.055954625992877816,
        0.0030443982356061034,
        0.13935624893589954,
        0.022233268819367213
    ],
    [
        0.008700340985658271,
        0.4308375489695295,
        0.04335424767479285,
        0.013530706852373233,
        0.01773945003833156,
        0.0020709559812641535,
        0.007052527483275737,
        0.0035002401345543147,
        0.1239103943009896,
        0.027479072301663222,
        0.02455276685027451,
        0.06514572278422597,
        0.004675113951298726,
        0.010010957653124727,
        0.0017788502171559926,
        0.13695857207419146,
        0.07870253174729612
    ],
    [
        0.019766699556542127,
        0.04955845264573182,
        0.034052091266543315,
        0.09573861752929479,
        0.017106559351972035,
        0.006423134121783794,
        0.0216950187196594,
        0.009973443798589155,
        0.06483294338904495,
        0.11019212104253964,
        0.2160387508472991,
        0.09523986654273241,
        0.01791460437244093,
        0.04406505550720364,
        0.008734841388684514,
        0.1653996930316386,
        0.02326810688829981
    ],
    [
        0.07825111698290943,
        0.02367756039606967,
        0.016952957843933313,
        0.03198916009738017,
        0.024330680173064657,
        0.010035539696374473,
        0.03157733720497921,
        0.027622953020264317,
        0.05835230220583359,
        0.03674990184455687,
        0.020077612655314006,
        0.05635360005025766,
        0.3206919678230513,
        0.20593440330631393,
        0.0061861294491233855,
        0.04183227274368015,
        0.009384504506893878
    ],
    [
        0.0005307455637795627,
        0.0004804587676297834,
        0.0015048333902486575,
        0.9889643656807031,
        0.0002449743290200578,
        0.00013410449465158812,
        0.001160735565479887,
        0.0004083639082089125,
        0.0006154455959316615,
        0.0010435418178205624,
        0.0004251855932282364,
        0.0008774285103378763,
        0.0005356157957873312,
        0.0009732415587030308,
        0.00017027469063474562,
        0.0014178007687737169,
        0.0005128839690611669
    ],
    [
        0.0007932685911956977,
        0.0012354421751908135,
        0.0009403787929794269,
        0.001675181630434498,
        0.0007464295968469307,
        0.002919999801506449,
        0.001791229247023651,
        0.00045516608600169823,
        0.0009316259783070214,
        0.0012912885309630097,
        0.0008470780478959868,
        0.0015516396186497,
        0.0005362305583227495,
        0.0008088400414276931,
        0.9803304292388021,
        0.0016469677379223916,
        0.0014988043265303384
    ],
    [
        0.22741525847573268,
        0.031018002818469288,
        0.014428514765320609,
        0.02134702964162984,
        0.04256872484661722,
        0.004546703342798733,
        0.061901726600103735,
        0.0440796505665822,
        0.03401809750159373,
        0.16526748614907955,
        0.019178109772066416,
        0.07373525773599093,
        0.09258810837543843,
        0.13259624042761742,
        0.003749699153243627,
        0.02556799076359905,
        0.005993399064116461
    ],
    [
        0.0144984387067822,
        0.047334493559283417,
        0.01292783201710384,
        0.05516141945585124,
        0.00906758777729361,
        0.0018223743278394343,
        0.01734747114781389,
        0.0034608688105131204,
        0.09234185340292346,
        0.025091245969653255,
        0.02315355369868143,
        0.05284957367348023,
        0.014967269825247978,
        0.03774484711778048,
        0.0025404740618119137,
        0.5457628456380732,
        0.043927850809867386
    ],
    [
        0.010049552912097751,
        0.023655591852331664,
        0.00669267249390939,
        0.004387230324842142,
        0.011023430329778164,
        0.0008257060924815279,
        0.002544067845371444,
        0.0018836028025848084,
        0.8070549199572278,
        0.007616227094811108,
        0.004552385564425546,
        0.037993249824623106,
        0.010421484090230918,
        0.021010661574796082,
        0.0004937620985200274,
        0.042561933981681864,
        0.007233521160286622
    ],
    [
        0.5307630274910268,
        0.03693254087077241,
        0.009121543297945223,
        0.009240652906533151,
        0.020025392728618818,
        0.0036524597828706835,
        0.04282696759082882,
        0.014674436077704571,
        0.051887452074527975,
        0.03760424555824384,
        0.005990818017057012,
        0.0751232273837952,
        0.06194929433363043,
        0.06383084078688435,
        0.0024151551547538595,
        0.024918789254753822,
        0.009043156690053015
    ],
    [
        0.061146009656749524,
        0.06604896917834034,
        0.012461351567065683,
        0.02224943857902966,
        0.01497226599061493,
        0.004865293336545383,
        0.02885369580192529,
        0.008787623214255167,
        0.21311228472524102,
        0.041439959759457114,
        0.031124280494084958,
        0.10446102951799098,
        0.07336738337664749,
        0.11222149328370486,
        0.004437309773905635,
        0.17306953039594197,
        0.027382081348500006
    ],
    [
        0.011245865460435723,
        0.06159006002155847,
        0.004133715729828087,
        0.005688190182591485,
        0.016348544432271343,
        0.001150811787310851,
        0.004871317028108649,
        0.0017018966769163045,
        0.49497816554124674,
        0.017378614006027526,
        0.030661511946713883,
        0.06603389489203082,
        0.011731470451241312,
        0.03364615891334037,
        0.001277547102752564,
        0.22522358339529885,
        0.012338652432327084
    ],
    [
        0.02079567564472703,
        0.012064342065910153,
        0.014895114728006626,
        0.011655517845312664,
        0.009141692940807297,
        0.7433919042438955,
        0.020546112365942705,
        0.023771441018246377,
        0.011910032272895664,
        0.018111969446673957,
        0.006802248163111581,
        0.022878658881722667,
        0.01280151357582052,
        0.013277920585656118,
        0.04081478920269469,
        0.011068319252610445,
        0.006072747765965932
    ],
    [
        0.25756720235746594,
        0.014156549733254897,
        0.009931456569763969,
        0.014571864516465234,
        0.007504552360936954,
        0.00561802051836865,
        0.035757137814724956,
        0.032160497834267006,
        0.035518599797618386,
        0.024283891282822576,
        0.006622605396331503,
        0.04742512652189319,
        0.37887249152633456,
        0.09823406252675722,
        0.002845814666199796,
        0.021872474076541196,
        0.0070576525002539695
    ],
    [
        0.004957692405253585,
        0.06481922349180227,
        0.0031085487335270837,
        0.0018648062093243282,
        0.008125681156051511,
        0.0003312775911269397,
        0.0015561505529977523,
        0.0008985711623439456,
        0.8014522659276843,
        0.008287024311027711,
        0.005779103049628956,
        0.044561591899707986,
        0.0032638116036539867,
        0.008150788682616454,
        0.00024264949811137582,
        0.039193303322888035,
        0.0034075104022536122
    ],
    [
        0.03905013749162816,
        0.10329555045239984,
        0.014723822133088873,
        0.009212758958403835,
        0.014126887736829666,
        0.00604843229560295,
        0.026552904645673947,
        0.009196661668068377,
        0.05905519123744435,
        0.07837066667115905,
        0.015003508487771726,
        0.5282563404817161,
        0.011872941724801094,
        0.02100648859971492,
        0.004157488094983664,
        0.05121027563361286,
        0.008859943687100576
    ],
    [
        0.3585673293399066,
        0.0060479797854501235,
        0.002805310994871722,
        0.004464434329275948,
        0.004206338270307253,
        0.001682025222295013,
        0.014952582444362605,
        0.00961684429893153,
        0.01506956534007896,
        0.0134561925942696,
        0.0026699184096980926,
        0.02306193826555056,
        0.4406396589481324,
        0.09185220614252645,
        0.0009539159093250367,
        0.008075298307869285,
        0.0018784613971486882
    ],
    [
        0.011302764335548075,
        0.01533903792359273,
        0.02655627191588826,
        0.6909250643329589,
        0.00752857524462937,
        0.005612222603391571,
        0.03212294146852733,
        0.006465142984882412,
        0.017050061163183562,
        0.018701920960551174,
        0.011528927599414924,
        0.021788040512348533,
        0.01072924214753549,
        0.01859697916289706,
        0.014829321375365386,
        0.050204616672726875,
        0.0407188695965584
    ],
    [
        0.1004708922624421,
        0.1666872687788265,
        0.010311642062536255,
        0.00755622669757874,
        0.03870005808435109,
        0.0034915432942471125,
        0.01829409206278002,
        0.009346691229155945,
        0.24905369821930304,
        0.05227532655374902,
        0.02151108886157535,
        0.15025682956874706,
        0.03894607659782958,
        0.056978383737191565,
        0.002403473276745557,
        0.05930690971378018,
        0.014409798999160884
    ],
    [
        0.03398762359302073,
        0.06717360723540756,
        0.024059317412064924,
        0.04918197096575657,
        0.04181823609089341,
        0.012502992579512602,
        0.03456164971627626,
        0.014229330831586385,
        0.06805242664852985,
        0.08486761266992479,
        0.2310241513291752,
        0.07454412143530822,
        0.03520985612380869,
        0.0647696224220706,
        0.023993948608032493,
        0.10764950132106496,
        0.0323740310175667
    ],
    [
        0.0031781541909746062,
        0.9098392986108579,
        0.0031750101049106564,
        0.0014159673185811517,
        0.0042309699062713126,
        0.0005192627428138391,
        0.0028127311208804118,
        0.0008662189392055775,
        0.014139602740331507,
        0.010151554504186965,
        0.004094843486675438,
        0.02410578125906286,
        0.0010461394807821395,
        0.00206725515750239,
        0.00048673898545479054,
        0.013071387125210304,
        0.004799084326298106
    ],
    [
        0.03552354679227749,
        0.005810137129627526,
        0.015652332340263118,
        0.010010139161931405,
        0.0034228317075056763,
        0.00754423278895579,
        0.016508733839501688,
        0.8265745115937665,
        0.007622979970274826,
        0.011217387765806788,
        0.0029427200677844597,
        0.011095235022000672,
        0.023197730924009938,
        0.012428088542345533,
        0.0018303469511778089,
        0.005486748947130233,
        0.003132296455640633
    ],
    [
        0.06718539054066801,
        0.02416255942597187,
        0.026561335583448174,
        0.09127369444327937,
        0.010450526663174434,
        0.011146073878162912,
        0.4565707154414063,
        0.04808290825997243,
        0.02008480143562734,
        0.05521866880027371,
        0.013563934096908446,
        0.03799997987409888,
        0.034481728750956384,
        0.03726939031194944,
        0.015741719227870623,
        0.03096623417932528,
        0.019240339086906352
    ],
    [
        0.004664566189777132,
        0.0013323291654621413,
        0.0038225774185930705,
        0.0015203531828470135,
        0.0005494167054455722,
        0.0012216284528269701,
        0.0034443869264808085,
        0.9713934649673344,
        0.001172294503894007,
        0.00314128407807993,
        0.0006157601271769698,
        0.0022464930388325028,
        0.0017505302640437104,
        0.00141234729475068,
        0.00030333511534361363,
        0.0009209977653469771,
        0.0004882348037646157
    ],
    [
        0.5325008011541535,
        0.029512001102749458,
        0.007310729217787053,
        0.008418654051465966,
        0.010366434257855352,
        0.0021423958130794927,
        0.026337635396093743,
        0.010359750064989548,
        0.06715607541370565,
        0.03617128578505495,
        0.0056711351599054135,
        0.08106720504507144,
        0.06911595800499566,
        0.07680277505035286,
        0.0014128766213678543,
        0.02785753867260187,
        0.007796749188770132
    ],
    [
        0.037479490425052296,
        0.13875876709281457,
        0.0189431027605264,
        0.01591597969626449,
        0.10958826485841673,
        0.009373549820860383,
        0.019544349539399535,
        0.010349285449039172,
        0.19572334729380106,
        0.044967106774512114,
        0.05952151432830583,
        0.10593864283494764,
        0.03664812270697717,
        0.06113997966945272,
        0.007960778875366371,
        0.10311844527451414,
        0.025029272599749484
    ],
    [
        0.06539185585580758,
        0.012730284048408015,
        0.015289921809552022,
        0.15183121576380895,
        0.007911160240463753,
        0.0028473877170521198,
        0.042641874471701695,
        0.019138504359416834,
        0.032883020794470384,
        0.03518762140476546,
        0.011041156735122556,
        0.04094903212054878,
        0.2512405154286895,
        0.25776081131946843,
        0.002542679786104667,
        0.042706071283765995,
        0.00790688686085322
    ],
    [
        0.3939063045131246,
        0.026552229194899545,
        0.013475756579836013,
        0.018302096722304213,
        0.01477576143180195,
        0.0038065050609487534,
        0.04386462380790412,
        0.028063002366343518,
        0.04911867859558522,
        0.04247130887192629,
        0.009070219857008151,
        0.056487629111613764,
        0.153517785409184,
        0.10332299152821932,
        0.002576228574464223,
        0.029096179529945934,
        0.011592698844890519
    ],
    [
        0.015887523505233044,
        0.042728022746447186,
        0.016239537913751857,
        0.04396715193835187,
        0.017501121790128922,
        0.003644119608791814,
        0.01991828633935576,
        0.007211927947605043,
        0.04099569787914539,
        0.08097037146445424,
        0.4812502073976575,
        0.05386386301638353,
        0.01502093545697466,
        0.03421561169459285,
        0.006767202912215991,
        0.10139581222081902,
        0.01842260616809136
    ],
    [
        0.003569530755482375,
        0.006621151537902016,
        0.0044159498069624055,
        0.004546501737650794,
        0.0034409699523123647,
        0.030263906273971127,
        0.007282747130919472,
        0.0021556243255148578,
        0.003976209602818304,
        0.005893605513557818,
        0.002987097233054961,
        0.007498250989474534,
        0.0019076924200909142,
        0.0028423682195533088,
        0.9016648149052157,
        0.005827282537895397,
        0.0051062970576236785
    ],
    [
        0.003542552958112095,
        0.004046148462016293,
        0.004262283309525017,
        0.007603436005032743,
        0.0026333572988619103,
        0.015916269713802122,
        0.00931628460308513,
        0.002648153433082385,
        0.003096572573823429,
        0.004931334733907849,
        0.0027217768428203643,
        0.005285663996957158,
        0.0023933135572595816,
        0.003209825518898285,
        0.9187126715489402,
        0.005012098985295735,
        0.004668256458579929
    ],
    [
        0.059490194245195326,
        0.04265504197218011,
        0.02717667657538136,
        0.024564425737919515,
        0.008980718555492827,
        0.009782691228651464,
        0.5664955246312033,
        0.03422822537188215,
        0.01594269558467218,
        0.0814170513226408,
        0.00798399493386561,
        0.05231516332793343,
        0.010954290152114597,
        0.015146345868280916,
        0.009074128165478883,
        0.02109712439595876,
        0.012695707931148815
    ],
    [
        0.07485390017624752,
        0.047009439633170134,
        0.07809251399549819,
        0.04178027151890612,
        0.032399752659757586,
        0.0789807993865151,
        0.07755218978578188,
        0.22120273983682495,
        0.03829047934157189,
        0.06398596463113834,
        0.023225825195004404,
        0.061692195261757045,
        0.0463796670549555,
        0.04297901959373605,
        0.021558172322365916,
        0.03251266503255295,
        0.017504404574216457
    ],
    [
        0.12556542564156103,
        0.005381901883745675,
        0.004460067770532678,
        0.008871298437751432,
        0.004710573187898247,
        0.002031255287663382,
        0.01850537570392252,
        0.024755669931290587,
        0.011642698943838159,
        0.015618348078686116,
        0.0037121641314793326,
        0.01732476706334405,
        0.6531346578680306,
        0.09294386937144812,
        0.0012044087246759405,
        0.008043976698741366,
        0.0020935412753906382
    ],
    [
        0.0037564345386155804,
        0.016539927104592428,
        0.004565556439255848,
        0.004492088647261307,
        0.005424287472632127,
        0.0007288653321984557,
        0.0025630640112040055,
        0.001996150877591124,
        0.01734459041920038,
        0.022963952907712977,
        0.8697023238628548,
        0.016653032564360223,
        0.0034922331792658886,
        0.007691124095656418,
        0.0006883924761126914,
        0.018842116999239555,
        0.002555859072246115
    ],
    [
        0.07673952501168686,
        0.015023196590120384,
        0.017410000615558738,
        0.012006444021773581,
        0.0065568741171196454,
        0.012354962393612222,
        0.06241988032265607,
        0.6446038433893858,
        0.011669291315368877,
        0.04898050607624313,
        0.007600145080300898,
        0.02762870002302862,
        0.021067339612143028,
        0.017495346049007935,
        0.004328316658782211,
        0.009709509618346643,
        0.0044061191048654245
    ],
    [
        0.014105632991128433,
        0.017592711964887202,
        0.5797188185369925,
        0.1775405190131398,
        0.006872735227299897,
        0.008403498184596266,
        0.02056287369300941,
        0.01848249135716033,
        0.020240007662266416,
        0.014852755284018795,
        0.0055149083113023144,
        0.023022513087375057,
        0.00977676525232291,
        0.012659004704220897,
        0.004387650750847069,
        0.026912903799289546,
        0.0393542101801434
    ],
    [
        0.022614162205700363,
        0.012117928626585653,
        0.02232927223413147,
        0.012852945641284346,
        0.010689533021935545,
        0.735576401730997,
        0.020732886472430857,
        0.03962995787539301,
        0.011796896076961933,
        0.015107793620569606,
        0.005646960612488158,
        0.018753614288346588,
        0.013556589624006597,
        0.01240221507041423,
        0.02809191772041984,
        0.010045608622032664,
        0.008055316556302067
    ],
    [
        0.018545515006547407,
        0.2034269800149957,
        0.02760872596780179,
        0.015035538815426934,
        0.03651012759818477,
        0.010204215809135305,
        0.01271851307452412,
        0.007055749781889463,
        0.19594188632741455,
        0.03147637378113843,
        0.06401270384845094,
        0.08779723304996802,
        0.013904085312964045,
        0.023219885493090855,
        0.008594362788050883,
        0.1436709095456921,
        0.10027719378472474
    ],
    [
        0.05088684153133887,
        0.021031446077181146,
        0.1559179557360129,
        0.061310297580058494,
        0.016143831685101563,
        0.012784772285672083,
        0.024412468662936206,
        0.3880947301878028,
        0.033864389297617585,
        0.042633923483748615,
        0.015250809581179197,
        0.04099426662121737,
        0.052609668300054986,
        0.04447481090623036,
        0.004153551416190427,
        0.024139594766078132,
        0.011296641881579325
    ],
    [
        0.18219359469761065,
        0.044769973028883164,
        0.008207517503528801,
        0.011826635206725857,
        0.01996282506969003,
        0.006991074768360945,
        0.04163607361190326,
        0.016609977039991092,
        0.06997015215444921,
        0.11226936891123937,
        0.03931008819802251,
        0.13648445610185678,
        0.11077722673334756,
        0.1386427589972669,
        0.005958290655144366,
        0.046398573234559336,
        0.007991414087420129
    ],
    [
        0.009202957853954799,
        0.02625442567177754,
        0.004618432647510146,
        0.00381338902258295,
        0.0061335480879539965,
        0.0006502438797561686,
        0.0025136599452685237,
        0.0017126117556856312,
        0.798602162509627,
        0.009645675221381054,
        0.006767597077430902,
        0.04268171378962617,
        0.010461222302599238,
        0.024272837879660173,
        0.0003948864975051853,
        0.048574795221751524,
        0.003699840635929108
    ],
    [
        0.07967035718661274,
        0.04663442907562561,
        0.013758013789181242,
        0.012760930185495676,
        0.1136797830347358,
        0.00624780107396675,
        0.014595837631247905,
        0.011409232502580685,
        0.21567503715859135,
        0.03304233293261426,
        0.019498365388326333,
        0.10034252728473747,
        0.11409994444608663,
        0.14092507113435257,
        0.0041351405829131395,
        0.057598437179899334,
        0.015926759413032534
    ],
    [
        0.009997749103456627,
        0.021385583117053717,
        0.009322400937476329,
        0.006581780563337127,
        0.8247550841891108,
        0.002290754776090845,
        0.004886976267980111,
        0.003732046512618692,
        0.025755078472642138,
        0.013556588439777955,
        0.010038545231569196,
        0.01830401685998876,
        0.007928083495586928,
        0.014479371603019705,
        0.0022655307212112283,
        0.01573050962078322,
        0.008989900088296707
    ],
    [
        0.0016161460342708437,
        0.002904665017918508,
        0.9624225045390954,
        0.005889069009039167,
        0.0012510678553599853,
        0.0014194742179822377,
        0.0013731124045013021,
        0.0044919060502318035,
        0.0032521937040529015,
        0.002383164517327364,
        0.0012848593825277564,
        0.0032886422138984684,
        0.0012233910382742506,
        0.0015194342424328538,
        0.0004237376973784395,
        0.002823869336091788,
        0.0024327627396169707
    ],
    [
        0.13463972534192858,
        0.02721552767816851,
        0.032968030489725464,
        0.027428397792805405,
        0.01699386875522422,
        0.007512609655894232,
        0.06507773993987037,
        0.3469502006246944,
        0.029836964685714985,
        0.08018898534026431,
        0.016165886521672265,
        0.05447488383291808,
        0.07048000728163,
        0.05571515128819522,
        0.003906824226643054,
        0.02247758228931803,
        0.007967614255332772
    ],
    [
        0.022905592806660813,
        0.017975449860046,
        0.0040280317742479015,
        0.010700051610288235,
        0.022532383929790997,
        0.0009085847901654535,
        0.007040619129217561,
        0.0029009002506435837,
        0.08312948643789499,
        0.045392898754533284,
        0.028917208910709105,
        0.06616369125226206,
        0.04915918163647061,
        0.5729952307987766,
        0.0009640116196705716,
        0.061133626572768184,
        0.0031530498658541317
    ],
    [
        0.007270818094775028,
        0.08494342922658749,
        0.03706062570746077,
        0.011656371826867655,
        0.018358192248029932,
        0.004239160691922056,
        0.0065318801434843385,
        0.0037389372687653783,
        0.046879229402658075,
        0.012638912075881921,
        0.014411982349983527,
        0.02499741440169653,
        0.004540028931429042,
        0.007523796645027069,
        0.00388960277163598,
        0.04812391165148447,
        0.6631957065623107
    ],
    [
        0.0031236836786297534,
        0.002477285639291827,
        0.00821808909459636,
        0.9364414200293112,
        0.0014583346794895154,
        0.0009949997054039446,
        0.00494432903766119,
        0.0026840394471983197,
        0.003952941943302655,
        0.0053215931497741665,
        0.0028218004125431647,
        0.004794281212055513,
        0.004157229446261226,
        0.006947359870013515,
        0.0010851214506551901,
        0.007829011029953417,
        0.0027484801738592414
    ],
    [
        0.07227192250384432,
        0.018377138468916792,
        0.07135778141763015,
        0.06077722646137453,
        0.015770338757230308,
        0.024312548594651588,
        0.03094710686814406,
        0.32829281883091227,
        0.03684354146356207,
        0.036805840663341936,
        0.014623757071905281,
        0.045250881893691565,
        0.1285935920224044,
        0.07108894842284467,
        0.006655411095488297,
        0.026545342620761008,
        0.011485802843296785
    ],
    [
        0.7598144749350231,
        0.006544765832872788,
        0.002761765424819378,
        0.0038037617316700302,
        0.004032677349566632,
        0.0018049128187769183,
        0.021876916661041884,
        0.014214380742495078,
        0.010067555253065696,
        0.030671358917194046,
        0.0029171503531170654,
        0.03019454452617374,
        0.0593721695953991,
        0.043188750720995144,
        0.001033070238337041,
        0.0062814554692948756,
        0.0014202894301572665
    ],
    [
        0.00933828347886494,
        0.043385866998774406,
        0.01420903442785268,
        0.014382408968691219,
        0.016487376056194054,
        0.004062632332294377,
        0.009793108189738288,
        0.0031302529651726055,
        0.03859847069638977,
        0.010979819911696456,
        0.010054266211215725,
        0.021619819005694187,
        0.006623540394603416,
        0.010925043500816132,
        0.0063056455772778925,
        0.05378437197546269,
        0.7263200593092611
    ],
    [
        0.050597303561687075,
        0.027289346849030467,
        0.03675483887959024,
        0.11225394585254367,
        0.024037924481313908,
        0.11794711645791148,
        0.06889438789851626,
        0.03666598775323206,
        0.03683771487534244,
        0.05474726992841308,
        0.02713013600672119,
        0.05852189272551097,
        0.05750669266425024,
        0.07140198426804081,
        0.14904637449388394,
        0.0495222946386083,
        0.020844788665403933
    ],
    [
        0.0704708560271114,
        0.004219397498344062,
        0.0019585760435739965,
        0.004669088789573894,
        0.002069645625001272,
        0.0007523724429460946,
        0.007564674892904928,
        0.005364420900134087,
        0.014155941718664598,
        0.020827392963166862,
        0.004409410608524612,
        0.02507363620499448,
        0.5322815546493235,
        0.29547863682655195,
        0.0004931767726334207,
        0.009174776350362632,
        0.0010364416861882145
    ],
    [
        0.044803810027474605,
        0.01182175075589167,
        0.004160446215140458,
        0.011967652955802722,
        0.01023510757688831,
        0.0021710922019498946,
        0.01232762711893757,
        0.0045561387987060695,
        0.0546105173790057,
        0.021298289865108972,
        0.012357653028683134,
        0.04975701265213388,
        0.2539179179718527,
        0.4547250854654429,
        0.0022835302346783577,
        0.04387830551951843,
        0.005128062232784584
    ],
    [
        0.00959978092117032,
        0.12086742519731851,
        0.00975778331844858,
        0.007477289436496486,
        0.019632558264957103,
        0.0016338159519081843,
        0.004743012579289513,
        0.002996555151316176,
        0.29617520473615405,
        0.03528935949572044,
        0.2414068533077373,
        0.07909204182699471,
        0.00873926929068861,
        0.022250870432409947,
        0.0013289149675884408,
        0.1297958801270042,
        0.009213384994797532
    ],
    [
        0.341042332237523,
        0.013462557820113744,
        0.004298815156243278,
        0.011101823630823274,
        0.007080737317383564,
        0.001458027677244848,
        0.0638393098764577,
        0.01322892393671637,
        0.017864495615164934,
        0.1684698991397898,
        0.009397043365663764,
        0.05448428073921288,
        0.09396817170529649,
        0.18010838987494004,
        0.0013536016560689887,
        0.016511572090754954,
        0.0023300181606024963
    ],
    [
        0.01816419549663084,
        0.5515311241056646,
        0.0029260737368955276,
        0.0025521553966749,
        0.009514436749549673,
        0.0007777201276235582,
        0.007508221245539309,
        0.0016295436602604308,
        0.07507458644998724,
        0.05590618868153666,
        0.00869517137667727,
        0.205494108051648,
        0.004383336902316754,
        0.011745047428854046,
        0.0007280535657433109,
        0.039472125468281716,
        0.003897911556116147
    ],
    [
        0.10826414298131781,
        0.017605223408911016,
        0.010062554440274058,
        0.018117003842198054,
        0.004045972976521947,
        0.007565690999899803,
        0.6371135447196957,
        0.025239543639632954,
        0.01436911979396935,
        0.03804513913130821,
        0.005473999351337417,
        0.03878269612972902,
        0.021419275603935112,
        0.021114995875070718,
        0.006180639845925748,
        0.01809078611776081,
        0.008509671142512169
    ],
    [
        0.033070179736920315,
        0.03516407152383689,
        0.4973993612451471,
        0.04274313658529211,
        0.02329053019842524,
        0.030563866199518435,
        0.02223760276661907,
        0.0665184373440657,
        0.043073177546043735,
        0.021713626413140317,
        0.009913634931633065,
        0.036333665566327215,
        0.023114412450965727,
        0.022081709798712868,
        0.007500451017745529,
        0.029355819708342924,
        0.05592631696726383
    ],
    [
        0.004340685922255239,
        0.022756630975389585,
        0.006655152870697841,
        0.003671511673662997,
        0.8855285222780569,
        0.001501986422392076,
        0.0028718627283014406,
        0.0018810406681169414,
        0.015299206456607838,
        0.007815023863249164,
        0.007919972744177247,
        0.01095129470007032,
        0.0030897780782641517,
        0.00575450512891506,
        0.0016456880859526779,
        0.01092083298548731,
        0.007396304418403301
    ],
    [
        0.09508363723600621,
        0.04690019874220707,
        0.029415003524606662,
        0.05451583588619262,
        0.03194831988393211,
        0.026959359788088975,
        0.17983724923635092,
        0.052631579304528595,
        0.04128200920749883,
        0.09033401139649207,
        0.029387855613445996,
        0.07906325761505105,
        0.06876710662908098,
        0.08084302222053762,
        0.028332734468933227,
        0.04892489015722502,
        0.01577392908982204
    ],
    [
        0.003819403780719196,
        0.014433145703559646,
        0.0025302869077465442,
        0.0020379997899239335,
        0.9042772036759327,
        0.0010055183256377908,
        0.0018812058258716,
        0.0011980064299315263,
        0.016413374424160642,
        0.0072448671789820136,
        0.0108125674012225,
        0.010816918512422561,
        0.0034036970990721617,
        0.007224840034750891,
        0.0010751536596588702,
        0.009186932253157573,
        0.002638878997249811
    ],
    [
        0.0198432893116315,
        0.030118656564205273,
        0.03836414455622095,
        0.045543016538032575,
        0.0349660669601857,
        0.07483257926969988,
        0.0331130890040177,
        0.014523142036031014,
        0.024995585801064656,
        0.023681740509373227,
        0.016443857962378884,
        0.03032094051396111,
        0.015238955853401768,
        0.02044148805708576,
        0.4835084364046495,
        0.03447055069512433,
        0.05959445996293612
    ],
    [
        0.06057769337904291,
        0.04664702925590648,
        0.043143661061445224,
        0.05019680054902864,
        0.023639170187941434,
        0.14038847931042572,
