[
    [
        0.08962851998188427,
        0.05103412254176163,
        0.0538549407319766,
        0.00768507219320441,
        0.024395374385610815,
        0.0217306417806169,
        0.004683902821349449,
        0.021677995328616948,
        0.10223148181516777,
        0.047324929207485156,
        0.38542267749861203,
        0.0033568420549926056,
        0.007471646198502159,
        0.010816305690342993,
        0.02400433525849969,
        0.09719711903728336,
        0.028258409345894867,
        0.006631438836715115,
        0.004699588072709288,
        0.007894657218773984
    ],
    [
        0.02556071211245062,
        0.016003889866801947,
        0.04001546941954355,
        0.5120521074078851,
        0.01329465071521879,
        0.02121062250199647,
        0.00567580868282311,
        0.00615279765162132,
        0.030730222090032035,
        0.04038443865767109,
        0.018227505037669726,
        0.0021815961442107376,
        0.005166322271137556,
        0.16277924000338526,
        0.01731119744104494,
        0.017892811057853425,
        0.04030958348575467,
        0.007079481055139382,
        0.011324054277758674,
        0.006647490120001638
    ],
    [
        0.04903699322250456,
        0.016523987234776227,
        0.05446435962272997,
        0.12229037870113095,
        0.08719320856153664,
        0.058832093563661446,
        0.011110262300757082,
        0.005653000306413137,
        0.05467267651388182,
        0.047388767955992145,
        0.058859024962414005,
        0.002443034312207496,
        0.005096825460085649,
        0.27305631635071165,
        0.0226530399060029,
        0.07069840400756916,
        0.03231170692859007,
        0.008559871062012763,
        0.008077169419013363,
        0.011078879608009077
    ],
    [
        0.014828209491510843,
        0.0798870764386078,
        0.03475801589853374,
        0.056056274443568865,
        0.009288140754531552,
        0.02060566435483761,
        0.03452434646209685,
        0.015596888131790424,
        0.032864852657668156,
        0.1291739101929921,
        0.017907147484921355,
        0.0033284817880498865,
        0.04749199603410832,
        0.012737427089438586,
        0.06584207126085799,
        0.009526223401576307,
        0.36762815263977416,
        0.0070827686464620945,
        0.03626724706395851,
        0.004605105764714891
    ],
    [
        0.051900769440322334,
        0.07484174796779966,
        0.03456411550239499,
        0.030661193314866924,
        0.04103409318308559,
        0.08149076132756185,
        0.06481103044904535,
        0.032731983314022745,
        0.16351145202950101,
        0.04249040042304782,
        0.07024435765122358,
        0.004675897640954972,
        0.013651172618301613,
        0.05291810387749211,
        0.07735383318798088,
        0.031750007451750294,
        0.04267125577590406,
        0.05033720417716849,
        0.01270819806831449,
        0.025652422599261294
    ],
    [
        0.02659062128812904,
        0.013230635402917001,
        0.01537692077183844,
        0.0029716512518363834,
        0.03478966056428483,
        0.017212479409649862,
        0.00308756765027346,
        0.003516576963041739,
        0.053746504597276985,
        0.015711173587134974,
        0.7280434212212292,
        0.0007574571116902667,
        0.0021267814202575452,
        0.005261350952984605,
        0.011262666724784057,
        0.05195829482240298,
        0.008647931709323096,
        0.0019306574268252534,
        0.0013313876623122995,
        0.002446259461807901
    ],
    [
        0.016003020300578687,
        0.004297316542495936,
        0.0043688820493597265,
        0.0034815868260035933,
        0.003168343083532698,
        0.0035499841020450386,
        0.004074939624398087,
        0.0027209537071660205,
        0.006126310432599328,
        0.004791842954817234,
        0.005075354579177542,
        0.0020791613665734616,
        0.0017881511090637502,
        0.0035975159251644107,
        0.0026296918947098513,
        0.010262943594075664,
        0.004050017845961259,
        0.26108226100475657,
        0.005428847127984525,
        0.6514228759295366
    ],
    [
        0.020718052179083377,
        0.41535173490839244,
        0.010697979235403257,
        0.005199730857942845,
        0.010027524157579196,
        0.041785140785906415,
        0.020799984782621482,
        0.050475395106326065,
        0.1339907800007284,
        0.022592234642930305,
        0.044596883930757156,
        0.002106387255553419,
        0.0349570051286956,
        0.0058824206409330984,
        0.11015431196092243,
        0.009882213217042081,
        0.03993377941257855,
        0.0076735611777547395,
        0.009161295820390467,
        0.004013584798458661
    ],
    [
        0.012952520087981994,
        0.04286518175348075,
        0.00604761179653281,
        0.004975927308895401,
        0.009026866898675935,
        0.34757539110404906,
        0.003663070200710499,
        0.009549851556838162,
        0.4194655635917234,
        0.008804748469354319,
        0.032785163433810924,
        0.0005092093813830407,
        0.003742430297298202,
        0.012179153190713445,
        0.057132130590200524,
        0.005647595056694411,
        0.018151035023484918,
        0.0014467293215180532,
        0.0025776862549288446,
        0.0009021346817253161
    ],
    [
        0.016009796914516802,
        0.5120119318636575,
        0.013397843178999913,
        0.004866425575121946,
        0.00627030854807675,
        0.021215932991282584,
        0.005879787936318777,
        0.017419795430874303,
        0.07412961362094089,
        0.045423148478226226,
        0.03941746365760575,
        0.0011142912487377432,
        0.03166615142997539,
        0.0038310610016278643,
        0.09314192117422763,
        0.008018360401470035,
        0.09426608927582919,
        0.002307264983096292,
        0.007888820288610154,
        0.0017239920008043285
    ],
    [
        0.005543390595563868,
        0.028873141347862077,
        0.0019626521614914843,
        0.0016888103044215108,
        0.0019573431888334054,
        0.015098295223550693,
        0.0013944854222392535,
        0.0030133315299237504,
        0.89729406571989,
        0.0030186702451389445,
        0.01246841664699571,
        0.00020277976761991212,
        0.002286188195586996,
        0.003503806658931459,
        0.010403667765878423,
        0.001974980744586447,
        0.0075770209014363685,
        0.0005288805624326952,
        0.0008731274050507933,
        0.0003369456125663214
    ],
    [
        0.0027148150093761255,
        0.006548645904073427,
        0.0019748154084700785,
        0.0009125316631568765,
        0.0013850984709765201,
        0.0040150198602163295,
        0.0008158812313471202,
        0.955928152902631,
        0.005381940587415388,
        0.0017693370267564562,
        0.0034829241780183666,
        0.0007466443604050087,
        0.0017082604227623092,
        0.0014676214365991838,
        0.004911678747630696,
        0.0014834863937127328,
        0.002403855592354657,
        0.0007578635801425804,
        0.0011249125519656852,
        0.0004665146719890624
    ],
    [
        0.001813620251671657,
        0.0371577169091242,
        0.0012756641601585103,
        0.0010601281231972046,
        0.0006289287189348062,
        0.0016515418921200576,
        0.002722322189893849,
        0.0033058625020996263,
        0.0062995712398102284,
        0.0030780971096927845,
        0.0022758432362084517,
        0.0004348628720781429,
        0.9178860226128409,
        0.0007014339818426729,
        0.004821805790806326,
        0.0008522943825377537,
        0.010396264222991001,
        0.0006961140111250317,
        0.0025339889906948175,
        0.00040791680217207494
    ],
    [
        0.009455142364453948,
        0.06927452290066065,
        0.011389277590383376,
        0.007694276937815375,
        0.008703661853810291,
        0.10189494927824866,
        0.005336040636430602,
        0.02756643916407777,
        0.04307642674605972,
        0.021411188294968797,
        0.017745269670969236,
        0.0008505194962030008,
        0.006821402640752494,
        0.008460086623674094,
        0.6115802139389815,
        0.004964883000815622,
        0.03307993437625816,
        0.002245399682700503,
        0.007037024370468926,
        0.0014133404322671781
    ],
    [
        0.024201728663289537,
        0.012523940752959413,
        0.018354650441102068,
        0.01515784376665427,
        0.009004023472389884,
        0.008487985951717875,
        0.011765687500514356,
        0.0070638466682598,
        0.013651814610646053,
        0.022336052316707967,
        0.012839133639879588,
        0.00579684956213762,
        0.005849586136584849,
        0.009981643375325089,
        0.008995942816368537,
        0.02109162320922976,
        0.01540981897779313,
        0.20355692339883555,
        0.01549328658292556,
        0.5584376181566791
    ],
    [
        0.7407977866284422,
        0.007681489623906936,
        0.0099325522394095,
        0.0026655586055384043,
        0.005919400268303578,
        0.007341400370668691,
        0.0015055266149977724,
        0.0034739604707412844,
        0.01704903886579848,
        0.00865173966414963,
        0.030598708001815828,
        0.0009953047141287718,
        0.001867807129936158,
        0.0037143615797387525,
        0.0037615785540512318,
        0.1388822176903392,
        0.0065361492414684145,
        0.0018552305172074481,
        0.003961785024196693,
        0.00280840419516125
    ],
    [
        0.10008935617566744,
        0.0585392013482446,
        0.015521342030603076,
        0.027336864947606735,
        0.010435687884876935,
        0.05288986343562322,
        0.009835073711914598,
        0.00811833861290867,
        0.4709294361141417,
        0.026521123120635138,
        0.03938491891005068,
        0.0012759354706883604,
        0.008448671277727637,
        0.03880484609981839,
        0.024104497553057432,
        0.020937651998169566,
        0.062369298740515465,
        0.006951538536643019,
        0.013027673748262447,
        0.004478680282844984
    ],
    [
        0.0009836556344089374,
        0.0010610702903907957,
        0.0035281679198934956,
        0.9657327759977976,
        0.0011323459184399193,
        0.0013359666608647727,
        0.000851507350757239,
        0.0004377056626642819,
        0.0017886961747245074,
        0.003516822749565128,
        0.0011896981431214855,
        0.00020108719600717603,
        0.00048433592529351695,
        0.00993627217775177,
        0.0012713594269671649,
        0.000958528599352205,
        0.004292656833072531,
        0.0003977578351492474,
        0.0005739565155507802,
        0.0003256329882273419
    ],
    [
        0.10050137517606965,
        0.040735145150300175,
        0.07670422982972976,
        0.02706323278241746,
        0.030312725591879128,
        0.01742109265157979,
        0.018258244308468962,
        0.0253033189762833,
        0.05026367708388858,
        0.05855498726053889,
        0.08933046915634876,
        0.0731568393871957,
        0.036586046261041345,
        0.023754579847597268,
        0.018292016356621192,
        0.17114511350508727,
        0.04580182176609256,
        0.026499644845641913,
        0.018099491463632923,
        0.052215948599585435
    ],
    [
        1.7782647585728826e-05,
        1.1960724501887151e-05,
        1.748126745430693e-05,
        9.1432559039979e-06,
        9.543304372516267e-06,
        7.444022189856491e-06,
        8.020903961769407e-06,
        1.7930172735428587e-05,
        1.3108220422845844e-05,
        1.2400606856875595e-05,
        1.6751378740012574e-05,
        0.9997673884891309,
        1.1583738844834283e-05,
        8.989377562771834e-06,
        7.16245055920377e-06,
        2.108714743637147e-05,
        1.252122779679109e-05,
        1.120422880874427e-05,
        7.064969208749153e-06,
        1.1431865926516887e-05
    ],
    [
        0.0014891675709231636,
        0.004315876220263577,
        0.0012592082790758876,
        0.000490574329923785,
        0.0009029519496693887,
        0.0023183002073824364,
        0.0007262608834297097,
        0.9725245499366518,
        0.003323276951302753,
        0.0011714537733300665,
        0.0024156441185833374,
        0.000504953906357597,
        0.001163580555334103,
        0.0006855532367367143,
        0.0028737705395007426,
        0.0009227633760800145,
        0.0016590483423786523,
        0.00042740470786254467,
        0.0005730195083565522,
        0.00025264160685737144
    ],
    [
        0.01010366233305797,
        0.17195908421149267,
        0.022039888016594487,
        0.005895604247325435,
        0.012838167393887752,
        0.033546587027993756,
        0.015729245250789916,
        0.014271882633214997,
        0.07125447917411584,
        0.08091405437535003,
        0.05595629971013082,
        0.0009144153905404401,
        0.009114534157673028,
        0.004668214195531051,
        0.40282102662442243,
        0.0075921580721610244,
        0.07257812323486564,
        0.002539014577219019,
        0.003483499737998951,
        0.001780059635634825
    ],
    [
        0.005193499905810089,
        0.0011939300894569292,
        0.0015262874964545167,
        0.0012318698283367868,
        0.0010497488914946364,
        0.0009210019319843458,
        0.0010715110169905962,
        0.0005430922833847729,
        0.0017934469020811836,
        0.0017440312334770479,
        0.0017531593818999457,
        0.0006059856620556387,
        0.0005636217647621269,
        0.001133460340523979,
        0.0007214079565653583,
        0.004325730349005992,
        0.0013052631539143943,
        0.020287941978537102,
        0.0013963503268906792,
        0.9516386595063739
    ],
    [
        0.001920942366409898,
        0.0007461304616478836,
        0.006567495880200863,
        0.0009639375092170645,
        0.9490623586721098,
        0.0035866764284584597,
        0.0005688561269544354,
        0.00050113743226826,
        0.0022549720204137684,
        0.0022902238253346262,
        0.015513859215688318,
        0.00016169736528517012,
        0.0001858387395155712,
        0.0022841556448256802,
        0.0013360119615794443,
        0.01033591487026585,
        0.0009634022753397472,
        0.00024739485949418775,
        0.00017432976687591802,
        0.0003346645781148317
    ],
    [
        0.028157704130360738,
        0.009495776770107059,
        0.27379768554350936,
        0.014200520375080697,
        0.12132913606586287,
        0.012923421967755358,
        0.006202711103818312,
        0.00743115263315435,
        0.017035373792493962,
        0.04854856849143186,
        0.09991704634326722,
        0.005847211290935621,
        0.0034868701479550705,
        0.015233794061189998,
        0.010163935847088166,
        0.2961550936438381,
        0.015532774481042462,
        0.004049203531257558,
        0.0030431853738172978,
        0.0074488344060339145
    ],
    [
        0.007291833732142297,
        0.013896778139076289,
        0.00392625333105916,
        0.003781722257857087,
        0.008285323889534311,
        0.8201170218097965,
        0.003981133837586357,
        0.005999072541501143,
        0.040861664254353884,
        0.005356873245509231,
        0.0114607589672622,
        0.0003810106838150516,
        0.0017704074514514057,
        0.009374277475775248,
        0.04762183160349872,
        0.0035467484506289514,
        0.007553705263280814,
        0.0014976682762070858,
        0.0024027277405968012,
        0.0008931870490675794
    ],
    [
        0.021411434397614292,
        0.01380916213389122,
        0.2565997298280547,
        0.025289664427303463,
        0.2539870686596036,
        0.04189636251097892,
        0.004571256455594677,
        0.012572207672316232,
        0.027727552940299435,
        0.05567839413280727,
        0.11015036403371262,
        0.0036930727564917385,
        0.003601911698926363,
        0.04499347002225343,
        0.02937866027901119,
        0.06195986340166535,
        0.021349109999913934,
        0.0035238319337029225,
        0.0034247148882384686,
        0.004382167827620212
    ],
    [
        0.0672174904872577,
        0.0970977972394412,
        0.05526694168498127,
        0.03252988322486444,
        0.013846678453173214,
        0.016457443094705065,
        0.01895878301349932,
        0.025717640398591625,
        0.08495384101409655,
        0.07662761491933061,
        0.06593968933917625,
        0.019642946159990664,
        0.1410513937347641,
        0.018398443886733416,
        0.022540156586784994,
        0.04519975897065399,
        0.15766107873512797,
        0.010244118418367747,
        0.02121393824766621,
        0.009434362390793592
    ],
    [
        0.006219224991920193,
        0.00467451900648551,
        0.009856464617142095,
        0.041547147684666205,
        0.00881582768167534,
        0.012407762872186534,
        0.0019147708364203042,
        0.003613825230323609,
        0.012537641609784269,
        0.006267847664510666,
        0.008072701523835194,
        0.0009935085122123358,
        0.00160536252643975,
        0.856763316204624,
        0.006644622320810114,
        0.005711351925001332,
        0.006848267081351127,
        0.0020155652458226487,
        0.001824864649564889,
        0.0016654078152240465
    ],
    [
        0.013259904174542987,
        0.36375399156223487,
        0.009010171077180456,
        0.005905483227521686,
        0.0030686887633866824,
        0.007060822927578234,
        0.008928611612543547,
        0.008366003654806532,
        0.04951865022137382,
        0.03455337771341373,
        0.016744706875145222,
        0.001351645933103736,
        0.2634299909883222,
        0.0031902569165136543,
        0.019998018256867787,
        0.0058078787708488126,
        0.17013847913532604,
        0.003276814700486603,
        0.010457347534233436,
        0.0021791559545699334
    ],
    [
        0.0021217435076982026,
        0.0021374291590159525,
        0.010923799729444104,
        0.923661220146195,
        0.002136392878703228,
        0.0027503530119658984,
        0.0014887049367524649,
        0.000590671873674213,
        0.003755283759456151,
        0.017791039042713643,
        0.002572555020804984,
        0.0001921175979047788,
        0.0005977802765079339,
        0.008722708044181087,
        0.0028393905929659864,
        0.001980983330715291,
        0.013635054548671028,
        0.0006057109529320528,
        0.0009710205642304194,
        0.0005260410254676257
    ],
    [
        0.013666937596592576,
        0.023261369448312873,
        0.1821720585572873,
        0.02999238066574846,
        0.07510526699652499,
        0.054107006743008584,
        0.0115147387109392,
        0.007951084633540897,
        0.029439708719656833,
        0.29932462227967727,
        0.05734798156610076,
        0.0014146958169829226,
        0.004302418811356473,
        0.01690012814925776,
        0.10292324508438787,
        0.01981850767470181,
        0.06046886885990171,
        0.002911091274070597,
        0.004496379017981313,
        0.002881509393969951
    ],
    [
        0.010955683302268851,
        0.4505353217555801,
        0.009010865953086363,
        0.0067319637789158004,
        0.005089373818557049,
        0.0276431563824742,
        0.02169136544656716,
        0.015172103287293343,
        0.18341955993611664,
        0.02351666636298596,
        0.02123422514257629,
        0.000740155866745571,
        0.012428498949932114,
        0.005803371281155961,
        0.12240855376435111,
        0.004489632950555618,
        0.07043368289967378,
        0.002651850936148208,
        0.004641489435720525,
        0.00140247874929532
    ],
    [
        0.005191605411473601,
        0.00698388317800478,
        0.06628823749409112,
        0.007411455499279278,
        0.005358060406061987,
        0.003959771506185369,
        0.004989840778985671,
        0.0013020262674681418,
        0.007225733854819344,
        0.804494030112133,
        0.013333136955324327,
        0.0003940250162140496,
        0.0016938796073054149,
        0.002143942826704032,
        0.006725749277833882,
        0.00717747527271907,
        0.05249222252928062,
        0.0006596205976942683,
        0.0014596633272798674,
        0.0007156400811421513
    ],
    [
        0.06032050820119976,
        0.005606663233266723,
        0.029535551559273364,
        0.005065198167169848,
        0.026612221938533163,
        0.007903844913966474,
        0.004072000763463338,
        0.004295602295415623,
        0.010392654241597073,
        0.0136634135302882,
        0.036508493946755344,
        0.0035381140611052513,
        0.002089769328805247,
        0.0065269331901733965,
        0.004499945509810257,
        0.7572973422483589,
        0.006598040054730342,
        0.0036364264572416693,
        0.0032631124141890865,
        0.00857416394465706
    ],
    [
        0.040832379283525524,
        0.3792127021336104,
        0.011485997456792999,
        0.005052301226214791,
        0.010469331737662006,
        0.05650860547616284,
        0.01477334769680071,
        0.060906980837469586,
        0.14108443021132996,
        0.022167766036801675,
        0.051511452235646606,
        0.0021354572548614626,
        0.028598786769528536,
        0.00611213572422842,
        0.09365827635784614,
        0.013702149091541528,
        0.036383272678000726,
        0.006151419627292385,
        0.01538405748366649,
        0.003869150681017201
    ],
    [
        0.021502878382276384,
        0.04624587014279847,
        0.07430833318524335,
        0.09407360955704301,
        0.043346799057441446,
        0.09028971909331684,
        0.008089951672825668,
        0.02649618950682861,
        0.07288937171153469,
        0.06997164651382251,
        0.05392959430625704,
        0.0031756489910865866,
        0.01070491831783405,
        0.1392299761785762,
        0.14011452447278283,
        0.01945893023049395,
        0.06576744574545976,
        0.006327346473545455,
        0.008961115286480331,
        0.005116131174352777
    ],
    [
        0.0012099101426232758,
        0.006976445103757262,
        0.0006959070940029985,
        0.0006900715021644257,
        0.00037170267309610605,
        0.000772614923763769,
        0.0013074629653499626,
        0.0011585212060720505,
        0.002663011305227211,
        0.0014360242230375617,
        0.001198863423143818,
        0.0003767472600307115,
        0.9720094634258517,
        0.0004582792639503606,
        0.001459767795080567,
        0.0006057301249427701,
        0.003975284540318492,
        0.00047420855609860146,
        0.0018420066896083671,
        0.00031797778188044737
    ],
    [
        0.015072332822473491,
        0.011802884383772432,
        0.028793636446327528,
        0.00542907817160165,
        0.3207372614424155,
        0.15119006968567159,
        0.0029072197377075933,
        0.00695220965527539,
        0.04979212062154869,
        0.016792314711326417,
        0.29537169033712174,
        0.0007057733264677521,
        0.0016275037164071122,
        0.01748955506308794,
        0.03789432617115136,
        0.02416593494817307,
        0.009206037247033859,
        0.0013405059141916636,
        0.001354947540974127,
        0.001374598057271143
    ],
    [
        0.10770926512810067,
        0.05943969711705712,
        0.0551982152127021,
        0.023357264566292717,
        0.028030501616459428,
        0.021210636985954177,
        0.02717683165047335,
        0.025516677966443274,
        0.07011368290196905,
        0.05702353137462166,
        0.1055185232506475,
        0.048012735551958924,
        0.08085057441337326,
        0.02007029890333792,
        0.021456254825537632,
        0.12653187957540515,
        0.06326105332333469,
        0.016222613060165283,
        0.02165951568977608,
        0.021640246886390022
    ],
    [
        0.0013068432213008767,
        0.002711684415755313,
        0.01888381774040343,
        0.0024629737875512927,
        0.0014804677603673195,
        0.0012494494734709685,
        0.000861683461158016,
        0.0004435262592456902,
        0.0024390788435118735,
        0.9324388084230091,
        0.0041523227691325736,
        0.00011812848950878258,
        0.0006192824726334781,
        0.0007008608269177268,
        0.0028529754509527927,
        0.0017089421766064777,
        0.024676137979298816,
        0.00021922510892460797,
        0.0004442166817307748,
        0.00022957465852006082
    ],
    [
        0.03220426568716932,
        0.035514970493823336,
        0.0386935238996232,
        0.024069445741188873,
        0.093214240745761,
        0.067578510154363,
        0.30711622773312286,
        0.018377170327009487,
        0.06777792403767424,
        0.039049050061300196,
        0.07613021202738528,
        0.005858608014731864,
        0.012310826614387177,
        0.0322921898776124,
        0.04698318077307446,
        0.037773402044939994,
        0.034087113094095414,
        0.012444521409645385,
        0.00819833052851038,
        0.01032628673458222
    ],
    [
        0.03659940558104986,
        0.009864278583498734,
        0.0135237261556501,
        0.007698881740118177,
        0.012236541137926079,
        0.008554413659728739,
        0.007154701178165818,
        0.006150805260709494,
        0.013926216230036715,
        0.013084367694770276,
        0.018332929841796877,
        0.007440865338138916,
        0.005190636488872609,
        0.008880391990343586,
        0.006723419368815435,
        0.04458499574737328,
        0.009116303028095603,
        0.06221278103102028,
        0.00920190231523931,
        0.6995224376286501
    ],
    [
        0.008446878149795781,
        0.11310581303909419,
        0.014016236244135522,
        0.022042953693870222,
        0.005120662193785503,
        0.024317962913960562,
        0.006173660488912717,
        0.007514967912921708,
        0.05410604947091489,
        0.06211269580651564,
        0.01467657368743743,
        0.0008213278703598379,
        0.016273356362673328,
        0.008830428550391492,
        0.10814116758786498,
        0.004520130202093219,
        0.5169915253200951,
        0.002383272055490612,
        0.008953869364952878,
        0.0014504690847344098
    ],
    [
        0.600521923679206,
        0.03446303490813016,
        0.01841873355322842,
        0.010346485362140796,
        0.007354660932049207,
        0.011525151675997184,
        0.007473421341961021,
        0.015048482836543083,
        0.043723801677624005,
        0.020696621417204984,
        0.03040525883312998,
        0.006909576216124053,
        0.016415078123107184,
        0.01012631524272957,
        0.009335553145298957,
        0.06366899592108079,
        0.025934074226623426,
        0.012166183795661567,
        0.040371492948443236,
        0.015095154163716387
    ],
    [
        0.008796050626567445,
        0.010366070977932774,
        0.002361854543845547,
        0.00279787136401641,
        0.0011642479593948884,
        0.0033512406174235855,
        0.00442954720157461,
        0.0035952397745721795,
        0.00570893118938258,
        0.004553289327576419,
        0.002585898350987687,
        0.0009376651651667676,
        0.008034801560780914,
        0.0016910973522592985,
        0.0038788969751235493,
        0.002561991245665985,
        0.008792410781211743,
        0.0036968705572737277,
        0.918493121629966,
        0.0022029027992779694
    ],
    [
        0.030050684394808937,
        0.05257044261068423,
        0.050647193851138556,
        0.07650396262749697,
        0.011251498801141556,
        0.024177581168163043,
        0.046397692222655725,
        0.011694518074136566,
        0.03280114546044458,
        0.178940151541697,
        0.020097984407974147,
        0.0031813484160582895,
        0.01949925224652489,
        0.014815969876804103,
        0.04167047248249599,
        0.016403653931934176,
        0.27219226224774534,
        0.008064550651810247,
        0.08283839699018437,
        0.006201237996101174
    ],
    [
        0.017735426652343005,
        0.011724523912083654,
        0.03023639485249782,
        0.047414754058793765,
        0.034455552625149106,
        0.042152575730971815,
        0.003073105377880365,
        0.008542887023774181,
        0.03458562224141135,
        0.017471406942854362,
        0.03179681463688101,
        0.001946888358401757,
        0.0033931246818934588,
        0.6501636309234197,
        0.019650892358108723,
        0.019338309572590983,
        0.015599083443235252,
        0.0035293889646941462,
        0.0037345968553103254,
        0.0034550207877052943
    ],
    [
        0.004634363034272564,
        0.004738557566222556,
        0.004314115196997199,
        0.0026965499376682077,
        0.01431593663648386,
        0.8955293359313169,
        0.0014619464029713022,
        0.0026686237416632865,
        0.016258530245239686,
        0.004126987754293674,
        0.012424101498235751,
        0.00023836464071245049,
        0.0007379009405437974,
        0.00811519049412323,
        0.018169572509428786,
        0.0035182881907994132,
        0.004234442742387786,
        0.0005017374670945619,
        0.0009178200226006963,
        0.00039763504694409675
    ],
    [
        0.015015248068093363,
        0.04956104618210582,
        0.01359451122733541,
        0.013371106249196888,
        0.011546463177412758,
        0.02799075094572788,
        0.6094967409420323,
        0.01913764383226674,
        0.03287168164105981,
        0.024871189744990092,
        0.017474023371895325,
        0.003413493671511321,
        0.02400195748490269,
        0.009609340185717522,
        0.04658017594950935,
        0.009158133201887441,
        0.03753994352914371,
        0.010952866455232885,
        0.017942522607562957,
        0.005871161532415924
    ],
    [
        0.036743532370563874,
        0.04194783068259785,
        0.01574189616858938,
        0.016258876152927076,
        0.010976610396903671,
        0.022487007622757214,
        0.01597842087342818,
        0.02437556626335247,
        0.03588996346843555,
        0.023902419658348825,
        0.019896455930795767,
        0.007671513651866346,
        0.018705444745381158,
        0.015564837279815075,
        0.02635350851850476,
        0.018158040733857652,
        0.0273657704290338,
        0.4570360835136923,
        0.051372071333126955,
        0.11357415020602211
    ],
    [
        0.05080214256633508,
        0.03769508251845666,
        0.07294431581682435,
        0.1123587138590344,
        0.025061068419456576,
        0.028294962910412,
        0.02009652306320625,
        0.019133590236542822,
        0.05495120974740141,
        0.0852134244235174,
        0.04044811970487743,
        0.011759039153031925,
        0.014495839858158433,
        0.05520892150188666,
        0.027268259524938058,
        0.046746954755641584,
        0.07952940787324418,
        0.1210113799363521,
        0.02375925178633625,
        0.07322179234434642
    ],
    [
        0.03583217058031319,
        0.26795847465605643,
        0.02289350835373845,
        0.01959394776646553,
        0.008172618246404442,
        0.017441644790799488,
        0.011728728916366098,
        0.010666684373467735,
        0.14287299255394528,
        0.07744755201486811,
        0.043646917557695716,
        0.0020923516779920723,
        0.06189434232376918,
        0.011698664384013114,
        0.04362188113354137,
        0.015264455006357792,
        0.17877935369921819,
        0.007065059987549523,
        0.015605086558822453,
        0.0057235654186159005
    ],
    [
        0.04581010949526915,
        0.040017830029276356,
        0.05042533125700207,
        0.0203798243632577,
        0.0841061674014193,
        0.04323975437823604,
        0.23978841548046087,
        0.01924276967909297,
        0.07360072653532042,
        0.047521703988824826,
        0.11800982765218637,
        0.008181791763484918,
        0.015148875474580348,
        0.024104288833680085,
        0.035219321190542684,
        0.06434675621326712,
        0.037602130042180486,
        0.012638504754648543,
        0.008142406997248042,
        0.01247346447002172
    ],
    [
        0.009292086993890312,
        0.01237393819168492,
        0.09634326108281074,
        0.24662699296187046,
        0.008650694266323929,
        0.010562717280456003,
        0.006149105037277695,
        0.0027144153284852906,
        0.017523566514505436,
        0.3383735099785282,
        0.014898924340531163,
        0.0008019684746545562,
        0.003167191732269585,
        0.014531488955922921,
        0.014346379827263838,
        0.00931751831073454,
        0.18718774377092467,
        0.0017179747248906188,
        0.00387071732930256,
        0.0015498048976725996
    ],
    [
        0.013527220014601266,
        0.008289299370103725,
        0.0397964390406862,
        0.00381533463478666,
        0.404007289839205,
        0.026848937492260295,
        0.002790358607815156,
        0.005491704853230882,
        0.02064963403515283,
        0.019003066100368386,
        0.36725420504708484,
        0.0010386177492658691,
        0.001674008219216321,
        0.007262686240651305,
        0.015353667685392093,
        0.051027765865524995,
        0.007698333531808307,
        0.0014289827090393109,
        0.0012261778256525107,
        0.001816271138153862
    ],
    [
        0.002228813605750985,
        0.0009346180577362151,
        0.008635025165006653,
        0.001704032498606419,
        0.9425321372539813,
        0.006069427487349231,
        0.0006250644237010306,
        0.0007872160595562234,
        0.0027624496565283193,
        0.0027021598780287044,
        0.01187821645724766,
        0.0002252736107602974,
        0.00023392357015048054,
        0.005680856466576384,
        0.0019710279583045618,
        0.008723823804322071,
        0.0012242492201634757,
        0.0003654519346919506,
        0.0002481414459287387,
        0.0004680914456092226
    ],
    [
        0.0020959211852575334,
        0.006402260892981111,
        0.002363482892813262,
        0.00226308974988955,
        0.0016629159940489751,
        0.002740112666907243,
        0.9449555159976119,
        0.0015147180200273836,
        0.0044776303348767425,
        0.005256676489435675,
        0.002764723507960789,
        0.0004773156350732078,
        0.0036860493604648874,
        0.0012290225489213038,
        0.004855456264995881,
        0.0014868071161144717,
        0.0073750390533380075,
        0.0014868815370090225,
        0.001985331650630452,
        0.0009210491016425362
    ],
    [
        0.046705213480623974,
        0.02912187292793379,
        0.1297559136299394,
        0.01765900580734477,
        0.14397614536634723,
        0.0536672284192549,
        0.01943466355513956,
        0.06889410656522911,
        0.05671766220723243,
        0.04213327249226187,
        0.17426530264290835,
        0.008811632643589319,
        0.0077133294822484735,
        0.031060780420104562,
        0.03439127313593425,
        0.09072921253565214,
        0.027964274232668014,
        0.0057267819410841405,
        0.0055551563065350485,
        0.005717172207968636
    ],
    [
        0.04033360804638006,
        0.0630334832304436,
        0.02889674490620368,
        0.033503518481375665,
        0.019709689047506255,
        0.03513582899584402,
        0.25370308575999073,
        0.029019676314961895,
        0.050262052089022305,
        0.04589882793543404,
        0.030909616883557343,
        0.024212976679001526,
        0.048547557202101216,
        0.02125017877446553,
        0.04168982465531059,
        0.024888519907172342,
        0.06564771747399775,
        0.05653765389247092,
        0.05909327411360074,
        0.027726165611159797
    ],
    [
        0.01712021829761128,
        0.013306927659364606,
        0.028143278620343683,
        0.5258592255036973,
        0.02067982649869774,
        0.023753254082856928,
        0.010717829875649895,
        0.004353851574067572,
        0.0295246746769961,
        0.03251622128940082,
        0.019764991086306544,
        0.0022249927565820282,
        0.0066316250197532055,
        0.17423007095101373,
        0.015531601450861836,
        0.017380990061594336,
        0.03896734608864224,
        0.00577498510138491,
        0.008046544291851402,
        0.005471545113323762
    ],
    [
        0.00393217264998832,
        0.0030691680801756254,
        0.008702746585964531,
        0.001072767418230687,
        0.027741352040292044,
        0.007478848351570228,
        0.0007646987283288497,
        0.0015249874962332119,
        0.014087440131953793,
        0.0043667292670595305,
        0.9075605254588845,
        0.00022498524654030746,
        0.0005196624262237815,
        0.00238493152735048,
        0.003990000467264987,
        0.009125393050396623,
        0.0026749404656348156,
        0.0002502713121945481,
        0.000263002858279051,
        0.00026537643743389217
    ],
    [
        0.0032228099929041605,
        0.0028627804217971524,
        0.009144087511768286,
        0.8938142867181978,
        0.003700693085856158,
        0.004694504948881461,
        0.0020813706169458975,
        0.0011563651322666884,
        0.005477102792254385,
        0.008581882840788707,
        0.0037411290942224655,
        0.0005513370022199233,
        0.0013257685371599168,
        0.03852417882669888,
        0.003498695934647473,
        0.003133763240935702,
        0.011159252529815956,
        0.0008827248114320418,
        0.001681370266466388,
        0.0007658956947405384
    ],
    [
        0.0580737806938056,
        0.042256850616778946,
        0.02274640595909548,
        0.019786891649552066,
        0.019451456427371602,
        0.026363018500542533,
        0.10112553803839136,
        0.022744577405083715,
        0.04694990272833133,
        0.03137809709684683,
        0.03316034817002519,
        0.019060616310374947,
        0.02724829822464979,
        0.017447804306198533,
        0.022668523146456836,
        0.03811144241689676,
        0.036747102216869346,
        0.26163084283786364,
        0.03948172244565776,
        0.11356678080920775
    ],
    [
        0.0020481726342739866,
        0.0011837485112099033,
        0.007551521511335065,
        0.0018216147697208485,
        0.9417758071994907,
        0.007482737140714246,
        0.0011521487657807168,
        0.0008578082765893498,
        0.003315997072121999,
        0.003070500970614525,
        0.01294363378857062,
        0.00024757055575920365,
        0.0003083422269019134,
        0.004888102855733732,
        0.0027577066944916334,
        0.006047543253473427,
        0.0014983410644880475,
        0.00035557659645653046,
        0.0002736036449703267,
        0.000419522467303058
    ],
    [
        0.04936144598592885,
        0.02295654239226752,
        0.032557100552991644,
        0.035417370798381635,
        0.022391268379292416,
        0.021075023675767978,
        0.013595029396990867,
        0.012950765689275466,
        0.03155623649153327,
        0.035707869590650886,
        0.02871647442097103,
        0.007081946903311831,
